 OUTPUT FROM EXAMPLE RUN OF RECURSION LIBRARY - RECAL

 LATTICE COORDINATES
    1 2.0 1.0 1.0    2 4.0 1.0 1.0    3 1.0 2.0 1.0    4 3.0 2.0 1.0
    5 5.0 2.0 1.0    6 2.0 3.0 1.0    7 4.0 3.0 1.0    8 1.0 4.0 1.0
    9 3.0 4.0 1.0   10 5.0 4.0 1.0   11 2.0 5.0 1.0   12 4.0 5.0 1.0
   13 1.0 1.0 2.0   14 3.0 1.0 2.0   15 5.0 1.0 2.0   16 2.0 2.0 2.0
   17 4.0 2.0 2.0   18 1.0 3.0 2.0   19 3.0 3.0 2.0   20 5.0 3.0 2.0
   21 2.0 4.0 2.0   22 4.0 4.0 2.0   23 1.0 5.0 2.0   24 3.0 5.0 2.0
   25 5.0 5.0 2.0   26 2.0 1.0 3.0   27 4.0 1.0 3.0   28 1.0 2.0 3.0
   29 3.0 2.0 3.0   30 5.0 2.0 3.0   31 2.0 3.0 3.0   32 4.0 3.0 3.0
   33 1.0 4.0 3.0   34 3.0 4.0 3.0   35 5.0 4.0 3.0   36 2.0 5.0 3.0
   37 4.0 5.0 3.0   38 1.0 1.0 4.0   39 3.0 1.0 4.0   40 5.0 1.0 4.0
   41 2.0 2.0 4.0   42 4.0 2.0 4.0   43 1.0 3.0 4.0   44 3.0 3.0 4.0
   45 5.0 3.0 4.0   46 2.0 4.0 4.0   47 4.0 4.0 4.0   48 1.0 5.0 4.0
   49 3.0 5.0 4.0   50 5.0 5.0 4.0   51 2.0 1.0 5.0   52 4.0 1.0 5.0
   53 1.0 2.0 5.0   54 3.0 2.0 5.0   55 5.0 2.0 5.0   56 2.0 3.0 5.0
   57 4.0 3.0 5.0   58 1.0 4.0 5.0   59 3.0 4.0 5.0   60 5.0 4.0 5.0
   61 2.0 5.0 5.0   62 4.0 5.0 5.0   63 1.0 1.0 6.0   64 3.0 1.0 6.0
   65 5.0 1.0 6.0   66 2.0 2.0 6.0   67 4.0 2.0 6.0   68 1.0 3.0 6.0
   69 3.0 3.0 6.0   70 5.0 3.0 6.0   71 2.0 4.0 6.0   72 4.0 4.0 6.0
   73 1.0 5.0 6.0   74 3.0 5.0 6.0   75 5.0 5.0 6.0
 TIME IN SETUP     4
 NEAREST NEIGHBOUR MAP
 ATOM TYPE CONNECTIVITY     NEIGHBOURS
    1  1  6    3    4   13   14   16
    2  1  6    4    5   14   15   17
    3  1  6    1    6   13   16   18
    4  1  9    1    2    6    7   14   16   17   19
    5  1  6    2    7   15   17   20
    6  1  9    3    4    8    9   16   18   19   21
    7  1  9    4    5    9   10   17   19   20   22
    8  1  6    6   11   18   21   23
    9  1  9    6    7   11   12   19   21   22   24
   10  1  6    7   12   20   22   25
   11  1  6    8    9   21   23   24
   12  1  6    9   10   22   24   25
   13  1  6    1    3   16   26   28
   14  1  9    1    2    4   16   17   26   27   29
   15  1  6    2    5   17   27   30
   16  1 13    1    3    4    6   13   14   18   19   26   28   29   31
   17  1 13    2    4    5    7   14   15   19   20   27   29   30   32
   18  1  9    3    6    8   16   21   28   31   33
   19  1 13    4    6    7    9   16   17   21   22   29   31   32   34
   20  1  9    5    7   10   17   22   30   32   35
   21  1 13    6    8    9   11   18   19   23   24   31   33   34   36
   22  1 13    7    9   10   12   19   20   24   25   32   34   35   37
   23  1  6    8   11   21   33   36
   24  1  9    9   11   12   21   22   34   36   37
   25  1  6   10   12   22   35   37
   26  1  9   13   14   16   28   29   38   39   41
   27  1  9   14   15   17   29   30   39   40   42
   28  1  9   13   16   18   26   31   38   41   43
   29  1 13   14   16   17   19   26   27   31   32   39   41   42   44
   30  1  9   15   17   20   27   32   40   42   45
   31  1 13   16   18   19   21   28   29   33   34   41   43   44   46
   32  1 13   17   19   20   22   29   30   34   35   42   44   45   47
   33  1  9   18   21   23   31   36   43   46   48
   34  1 13   19   21   22   24   31   32   36   37   44   46   47   49
   35  1  9   20   22   25   32   37   45   47   50
   36  1  9   21   23   24   33   34   46   48   49
   37  1  9   22   24   25   34   35   47   49   50
   38  1  6   26   28   41   51   53
   39  1  9   26   27   29   41   42   51   52   54
   40  1  6   27   30   42   52   55
   41  1 13   26   28   29   31   38   39   43   44   51   53   54   56
   42  1 13   27   29   30   32   39   40   44   45   52   54   55   57
   43  1  9   28   31   33   41   46   53   56   58
   44  1 13   29   31   32   34   41   42   46   47   54   56   57   59
   45  1  9   30   32   35   42   47   55   57   60
   46  1 13   31   33   34   36   43   44   48   49   56   58   59   61
   47  1 13   32   34   35   37   44   45   49   50   57   59   60   62
   48  1  6   33   36   46   58   61
   49  1  9   34   36   37   46   47   59   61   62
   50  1  6   35   37   47   60   62
   51  1  9   38   39   41   53   54   63   64   66
   52  1  9   39   40   42   54   55   64   65   67
   53  1  9   38   41   43   51   56   63   66   68
   54  1 13   39   41   42   44   51   52   56   57   64   66   67   69
   55  1  9   40   42   45   52   57   65   67   70
   56  1 13   41   43   44   46   53   54   58   59   66   68   69   71
   57  1 13   42   44   45   47   54   55   59   60   67   69   70   72
   58  1  9   43   46   48   56   61   68   71   73
   59  1 13   44   46   47   49   56   57   61   62   69   71   72   74
   60  1  9   45   47   50   57   62   70   72   75
   61  1  9   46   48   49   58   59   71   73   74
   62  1  9   47   49   50   59   60   72   74   75
   63  1  4   51   53   66
   64  1  6   51   52   54   66   67
   65  1  4   52   55   67
   66  1  9   51   53   54   56   63   64   68   69
   67  1  9   52   54   55   57   64   65   69   70
   68  1  6   53   56   58   66   71
   69  1  9   54   56   57   59   66   67   71   72
   70  1  6   55   57   60   67   72
   71  1  9   56   58   59   61   68   69   73   74
   72  1  9   57   59   60   62   69   70   74   75
   73  1  4   58   61   71
   74  1  6   59   61   62   71   72
   75  1  4   60   62   72
    13 NON-EQUIVALENT VECTORS FOUND
      ATOM     INDEX OF INTERACTION VECTORS
    1   13    1    2    3    4    5
    2   13    1    2    3    4    5
    3   13    6    2    7    4    5
    4   13    8    6    1    2    7    3    4    5
    5   13    8    1    7    3    5
    6   13    8    6    1    2    7    3    4    5
    7   13    8    6    1    2    7    3    4    5
    8   13    6    2    7    4    5
    9   13    8    6    1    2    7    3    4    5
   10   13    8    1    7    3    5
   11   13    8    6    7    3    4
   12   13    8    6    7    3    4
   13   13    9   10    2    4    5
   14   13   11    9   10    1    2    3    4    5
   15   13   11   10    1    3    5
   16   13   12   11    9   10    8    6    1    2    7    3    4    5
   17   13   12   11    9   10    8    6    1    2    7    3    4    5
   18   13   12    9   10    6    2    7    4    5
   19   13   12   11    9   10    8    6    1    2    7    3    4    5
   20   13   12   11   10    8    1    7    3    5
   21   13   12   11    9   10    8    6    1    2    7    3    4    5
   22   13   12   11    9   10    8    6    1    2    7    3    4    5
   23   13   12    9    6    7    4
   24   13   12   11    9    8    6    7    3    4
   25   13   12   11    8    7    3
   26   13   11    9   10    1    2    3    4    5
   27   13   11    9   10    1    2    3    4    5
   28   13   12    9   10    6    2    7    4    5
   29   13   12   11    9   10    8    6    1    2    7    3    4    5
   30   13   12   11   10    8    1    7    3    5
   31   13   12   11    9   10    8    6    1    2    7    3    4    5
   32   13   12   11    9   10    8    6    1    2    7    3    4    5
   33   13   12    9   10    6    2    7    4    5
   34   13   12   11    9   10    8    6    1    2    7    3    4    5
   35   13   12   11   10    8    1    7    3    5
   36   13   12   11    9    8    6    7    3    4
   37   13   12   11    9    8    6    7    3    4
   38   13    9   10    2    4    5
   39   13   11    9   10    1    2    3    4    5
   40   13   11   10    1    3    5
   41   13   12   11    9   10    8    6    1    2    7    3    4    5
   42   13   12   11    9   10    8    6    1    2    7    3    4    5
   43   13   12    9   10    6    2    7    4    5
   44   13   12   11    9   10    8    6    1    2    7    3    4    5
   45   13   12   11   10    8    1    7    3    5
   46   13   12   11    9   10    8    6    1    2    7    3    4    5
   47   13   12   11    9   10    8    6    1    2    7    3    4    5
   48   13   12    9    6    7    4
   49   13   12   11    9    8    6    7    3    4
   50   13   12   11    8    7    3
   51   13   11    9   10    1    2    3    4    5
   52   13   11    9   10    1    2    3    4    5
   53   13   12    9   10    6    2    7    4    5
   54   13   12   11    9   10    8    6    1    2    7    3    4    5
   55   13   12   11   10    8    1    7    3    5
   56   13   12   11    9   10    8    6    1    2    7    3    4    5
   57   13   12   11    9   10    8    6    1    2    7    3    4    5
   58   13   12    9   10    6    2    7    4    5
   59   13   12   11    9   10    8    6    1    2    7    3    4    5
   60   13   12   11   10    8    1    7    3    5
   61   13   12   11    9    8    6    7    3    4
   62   13   12   11    9    8    6    7    3    4
   63   13    9   10    2
   64   13   11    9   10    1    2
   65   13   11   10    1
   66   13   12   11    9   10    8    6    1    2
   67   13   12   11    9   10    8    6    1    2
   68   13   12    9   10    6    2
   69   13   12   11    9   10    8    6    1    2
   70   13   12   11   10    8    1
   71   13   12   11    9   10    8    6    1    2
   72   13   12   11    9   10    8    6    1    2
   73   13   12    9    6
   74   13   12   11    9    8    6
   75   13   12   11    8

     INDEX LATTICE TYPES   VECTOR                              MATRIX

       1     1  1    -1.00  1.00  0.00 -0.021  0.000  0.000  0.000 -0.011
                                        0.000  0.005 -0.007  0.000  0.000
                                        0.000 -0.007  0.005  0.000  0.000
                                        0.000  0.000  0.000  0.013  0.000
                                       -0.011  0.000  0.000  0.000 -0.008

       2     1  1     1.00  1.00  0.00 -0.021  0.000  0.000  0.000  0.011
                                        0.000  0.005  0.007  0.000  0.000
                                        0.000  0.007  0.005  0.000  0.000
                                        0.000  0.000  0.000  0.013  0.000
                                        0.011  0.000  0.000  0.000 -0.008

       3     1  1    -1.00  0.00  1.00  0.005 -0.007  0.000  0.000  0.000
                                       -0.007  0.005  0.000  0.000  0.000
                                        0.000  0.000 -0.021  0.010  0.006
                                        0.000  0.000  0.010 -0.003 -0.009
                                        0.000  0.000  0.006 -0.009  0.007

       4     1  1     1.00  0.00  1.00  0.005  0.007  0.000  0.000  0.000
                                        0.007  0.005  0.000  0.000  0.000
                                        0.000  0.000 -0.021 -0.010 -0.006
                                        0.000  0.000 -0.010 -0.003 -0.009
                                        0.000  0.000 -0.006 -0.009  0.007

       5     1  1     0.00  1.00  1.00  0.005  0.000  0.007  0.000  0.000
                                        0.000 -0.021  0.000  0.010 -0.006
                                        0.007  0.000  0.005  0.000  0.000
                                        0.000  0.010  0.000 -0.003  0.009
                                        0.000 -0.006  0.000  0.009  0.007

       6     1  1     1.00 -1.00  0.00 -0.021  0.000  0.000  0.000 -0.011
                                        0.000  0.005 -0.007  0.000  0.000
                                        0.000 -0.007  0.005  0.000  0.000
                                        0.000  0.000  0.000  0.013  0.000
                                       -0.011  0.000  0.000  0.000 -0.008

       7     1  1     0.00 -1.00  1.00  0.005  0.000 -0.007  0.000  0.000
                                        0.000 -0.021  0.000 -0.010  0.006
                                       -0.007  0.000  0.005  0.000  0.000
                                        0.000 -0.010  0.000 -0.003  0.009
                                        0.000  0.006  0.000  0.009  0.007

       8     1  1    -1.00 -1.00  0.00 -0.021  0.000  0.000  0.000  0.011
                                        0.000  0.005  0.007  0.000  0.000
                                        0.000  0.007  0.005  0.000  0.000
                                        0.000  0.000  0.000  0.013  0.000
                                        0.011  0.000  0.000  0.000 -0.008

       9     1  1     1.00  0.00 -1.00  0.005 -0.007  0.000  0.000  0.000
                                       -0.007  0.005  0.000  0.000  0.000
                                        0.000  0.000 -0.021  0.010  0.006
                                        0.000  0.000  0.010 -0.003 -0.009
                                        0.000  0.000  0.006 -0.009  0.007

      10     1  1     0.00  1.00 -1.00  0.005  0.000 -0.007  0.000  0.000
                                        0.000 -0.021  0.000 -0.010  0.006
                                       -0.007  0.000  0.005  0.000  0.000
                                        0.000 -0.010  0.000 -0.003  0.009
                                        0.000  0.006  0.000  0.009  0.007

      11     1  1    -1.00  0.00 -1.00  0.005  0.007  0.000  0.000  0.000
                                        0.007  0.005  0.000  0.000  0.000
                                        0.000  0.000 -0.021 -0.010 -0.006
                                        0.000  0.000 -0.010 -0.003 -0.009
                                        0.000  0.000 -0.006 -0.009  0.007

      12     1  1     0.00 -1.00 -1.00  0.005  0.000  0.007  0.000  0.000
                                        0.000 -0.021  0.000  0.010 -0.006
                                        0.007  0.000  0.005  0.000  0.000
                                        0.000  0.010  0.000 -0.003  0.009
                                        0.000 -0.006  0.000  0.009  0.007

      13     1  1     0.00  0.00  0.00  0.000  0.000  0.000  0.000  0.000
                                        0.000  0.000  0.000  0.000  0.000
                                        0.000  0.000  0.000  0.000  0.000
                                        0.000  0.000  0.000  0.000  0.000
                                        0.000  0.000  0.000  0.000  0.000
    32 ATOM TAKEN AS STARTING POINT


 TIME TO COMPUTE TRIDIAGONALISATION     4
 TIME TO COMPUTE TRIDIAGONALISATION     4
 TIME TO COMPUTE TRIDIAGONALISATION     4
 TIME TO COMPUTE TRIDIAGONALISATION     4
 TIME TO COMPUTE TRIDIAGONALISATION     4
