-0.0070173624687
-2.7885277085e-05
-5.30092443735e-06
-1.86334163464e-06
-8.6358024407e-07
-4.69373768251e-07
-2.83089383477e-07
-1.83759840697e-07
-1.26006355971e-07
-9.01292499293e-08
-6.66903279631e-08
-5.0729363465e-08
-3.947302924e-08
-3.1326504102e-08
-2.52726453743e-08
-2.0679603368e-08
-1.71448257891e-08
-1.43640173438e-08
-1.21554928097e-08
-1.03826104728e-08
-8.93007523427e-09
-7.74254509933e-09
-6.75643760288e-09
-5.92528150696e-09
-5.23264581321e-09
-4.63933674486e-09
-4.13117663377e-09
-3.7006544599e-09
-3.32117949705e-09
-2.99493543913e-09
-2.71252803069e-09
-2.45830178894e-09
-2.24072196624e-09
-2.04638966205e-09
-1.87043546877e-09
-1.7203075413e-09
-1.58093747193e-09
-1.45661171484e-09
-1.34923836658e-09
-1.24612402481e-09
-1.15708625323e-09
-1.07714113908e-09
-9.99537257338e-10
-9.34857320394e-10
-8.72873438712e-10
-8.14342859776e-10
-7.6617831825e-10
-7.1659665989e-10
-6.7283212145e-10
-6.35437823184e-10
-5.95287383133e-10
-5.62868478335e-10
-5.32239740688e-10
-5.00076297355e-10
-4.75904340963e-10
-4.49618291403e-10
-4.24638862055e-10
-4.05860210979e-10
-3.82857792153e-10
-3.64241809771e-10
-3.48459835718e-10
-3.28664415713e-10
-3.15218236883e-10
-3.00781704528e-10
-2.84581873749e-10
-2.74714909387e-10
-2.60895258105e-10
-2.48610133401e-10
-2.40587139118e-10
-2.27528117572e-10
-2.19004777263e-10
-2.11340510978e-10
-1.99764910666e-10
-1.94225191018e-10
-1.86049051235e-10
-1.76807659811e-10
-1.72980543546e-10
-1.64217811771e-10
-1.57831559778e-10
-1.54308844226e-10
-1.45597559069e-10
-1.41952380542e-10
-1.3762630562e-10
-1.29989955548e-10
-1.28292114827e-10
-1.22704385062e-10
-1.17094407331e-10
-1.16100513773e-10
-1.09564947777e-10
-1.06439124045e-10
-1.04873848482e-10
-9.83190997284e-11
-9.74125210805e-11
-9.44158519086e-11
-8.90001172357e-11
-8.93767737562e-11
-8.48090447595e-11
-8.14465799405e-11
-8.18160442794e-11
-7.62996371737e-11
-7.52760086922e-11
-7.44590918846e-11
-6.91333017962e-11
-6.99574513483e-11
-6.73252213363e-11
-6.33997031326e-11
-6.49550524143e-11
-6.0671121607e-11
-5.8942796897e-11
-5.98873735801e-11
-5.48538691864e-11
-5.53712982635e-11
-5.4639935838e-11
-5.0158250824e-11
-5.21670847347e-11
-4.93847356927e-11
-4.66521178337e-11
-4.88519732651e-11
-4.44949398767e-11
-4.4125339542e-11
-4.51495932918e-11
-4.03829919249e-11
-4.21382369232e-11
-4.10787691274e-11
-3.7320935992e-11
-4.01644362986e-11
-3.69390294481e-11
-3.53110285491e-11
-3.77760367198e-11
-3.31891170547e-11
-3.40583526702e-11
-3.48004249567e-11
-3.02607464618e-11
-3.30601727091e-11
-3.13861699497e-11
-2.83766370675e-11
-3.17822178136e-11
-2.7948177131e-11
-2.74433592536e-11
-2.98568264082e-11
-2.50078736481e-11
-2.70640390443e-11
-2.72263066687e-11
-2.29855337502e-11
-2.66716996085e-11
-2.4172766043e-11
-2.20230619656e-11
-2.57369358948e-11
-2.12172829218e-11
-2.19077391394e-11
-2.39720564224e-11
-1.89213114113e-11
-2.21319944742e-11
-2.14512738637e-11
-1.76627222564e-11
-2.20730351488e-11
-1.85955158442e-11
-1.74724906368e-11
-2.12280967542e-11
-1.6020858114e-11
-1.79992987897e-11
-1.94155474055e-11
-1.4302625756e-11
-1.8623311374e-11
-1.6860752321e-11
-1.37427022055e-11
-1.86829459484e-11
-1.41267538656e-11
-1.4231352599e-11
-1.77315188199e-11
-1.19084993614e-11
-1.52636086279e-11
-1.57239266773e-11
-1.07634778821e-11
-1.61133609971e-11
-1.30556828358e-11
-1.08805214856e-11
-1.61059933097e-11
-1.04306163006e-11
-1.19800423611e-11
-1.48873455831e-11
-8.59928650978e-12
-1.33937072326e-11
-1.25820762438e-11
-8.06287223517e-12
-1.43038622471e-11
-9.77229085813e-12
-8.85663878692e-12
-1.40578850901e-11
-7.29425632902e-12
-1.05038142966e-11
-1.24370010762e-11
-5.92193820017e-12
-1.21701177e-11
-9.76989206543e-12
-6.05429853634e-12
-1.2971411666e-11
-6.8367110657e-12
-7.52979604264e-12
-1.23219584921e-11
-4.58839490022e-12
-9.6508460496e-12
-1.01868132764e-11
-3.77958702368e-12
-1.14241035221e-11
-7.13185777766e-12
-4.65352969283e-12
-1.1936127548e-11
-4.1390125759e-12
-6.80732696054e-12
-1.0723209746e-11
-2.24421764983e-12
-9.30523690675e-12
-7.98695049718e-12
-2.12820771331e-12
-1.1013982626e-11
-4.5598674316e-12
-3.81780664254e-12
-1.10419256466e-11
-1.61849590756e-12
-6.62509327464e-12
-9.11276803906e-12
-2.39653478301e-13
-9.36840544783e-12
-5.71966734731e-12
-9.62707040525e-13
-1.08090589575e-11
-1.98415651693e-12
-3.53127477156e-12
-1.0143896324e-11
7.44206317169e-13
-6.93270197465e-12
-7.35900755017e-12
1.40889569042e-12
-9.7452692223e-12
-3.29360495765e-12
-3.07211928251e-13
-1.06781994197e-11
6.30513752573e-13
-3.79366637609e-12
-9.10033905122e-12
2.93079788183e-12
-7.68147551203e-12
-5.34324928078e-12
2.65173325822e-12
-1.03331567688e-11
-6.42362901421e-13
-2.07409929983e-13
-1.04814356246e-11
3.28505248354e-12
-4.61035503108e-12
-7.76816927419e-12
4.88632932507e-12
-8.81364321855e-12
-2.95898888722e-12
3.4094945458e-12
-1.10122887966e-11
2.27361740359e-12
-7.2348673288e-13
-1.0063754488e-11
5.94358293826e-12
-5.98252254269e-12
-6.00109719557e-12
6.51860076467e-12
-1.02517936026e-11
-1.14171680002e-13
3.57635161449e-12
-1.16372002028e-11
5.46233997398e-12
-1.92255586704e-12
-9.25073272057e-12
8.52894119608e-12
-7.89651797567e-12
-3.65041761489e-12
7.6967604946e-12
-1.18879755985e-11
3.26358798173e-12
3.02375409271e-12
-1.20288265235e-11
8.89290533654e-12
-3.86963232637e-12
-7.84601203485e-12
1.09165589978e-11
-1.03116765653e-11
-5.68568126251e-13
8.24982980693e-12
-1.35720681417e-11
7.2186755054e-12
1.60564382006e-12
-1.19672392278e-11
1.24855395478e-11
-6.61624128505e-12
-5.63088644346e-12
1.29271067198e-11
-1.31459710143e-11
3.38411667876e-12
7.96594035307e-12
-1.50992100872e-11
1.17556432773e-11
-8.33829171203e-13
-1.11852379976e-11
1.60989079476e-11
-1.01857155669e-11
-2.36653519652e-12
1.4318321926e-11
-1.6258925024e-11
8.3287545408e-12
6.59323872394e-12
-1.61962298902e-11
1.6823276456e-11
-4.44888021816e-12
-9.36323357005e-12
1.95145718087e-11
-1.45541403953e-11
2.20026973744e-12
1.47766028672e-11
-1.94312463787e-11
1.43523502642e-11
3.84369700723e-12
-1.65071589954e-11
2.22937389247e-11
-9.37547297096e-12
-6.12611832512e-12
2.24184612425e-11
-1.96257547591e-11
8.32677426001e-12
1.39092246383e-11
-2.23406400629e-11
2.14858933001e-11
-5.98514603997e-13
-1.55780738797e-11
2.79357422207e-11
-1.57076586568e-11
-1.04317060239e-12
2.43793393696e-11
-2.52014042306e-11
1.62574378754e-11
1.12384750831e-11
-2.45332363419e-11
2.96741566892e-11
-7.06185263997e-12
-1.28417157555e-11
3.33804200397e-11
-2.34645133735e-11
6.36745702881e-12
2.48244618995e-11
-3.09383289062e-11
2.61982187555e-11
6.19966543437e-12
-2.53900033587e-11
3.87345053716e-11
-1.58623743479e-11
-7.60262957795e-12
3.80783189252e-11
-3.25446169161e-11
1.6627342889e-11
2.30130582288e-11
-3.62991031428e-11
3.82783218347e-11
-1.85406687877e-12
-2.40873939257e-11
4.83010277078e-11
-2.72646860611e-11
9.75969119301e-13
4.12456573037e-11
-4.26640146326e-11
3.02759492495e-11
1.80089732483e-11
-4.04868195929e-11
5.24940929995e-11
-1.36358447442e-11
-1.95512933575e-11
5.77489524696e-11
-4.14230809678e-11
1.38815913725e-11
4.17978052986e-11
-5.32720995132e-11
4.78328083618e-11
8.65496332398e-12
-4.23624662985e-11
6.86272036047e-11
-2.98916509261e-11
-1.04031049879e-11
6.60924744866e-11
-5.82946934243e-11
3.22547049386e-11
3.8267871202e-11
-6.34374973748e-11
6.97350270677e-11
-6.44702843593e-12
-4.03386293483e-11
8.61254389458e-11
-5.13399739454e-11
5.10338937867e-12
7.1846593902e-11
-7.75128005702e-11
5.73777973358e-11
2.87084651959e-11
-7.1692227944e-11
9.62361669039e-11
-2.89423891803e-11
-3.22407801953e-11
1.03928577256e-10
-7.85702343643e-11
2.91557110911e-11
7.28400724831e-11
-9.820242619e-11
9.06406129565e-11
1.05753420384e-11
-7.58160966024e-11
1.27243948992e-10
-6.07052446357e-11
-1.51228951034e-11
1.20212855228e-10
-1.11877957396e-10
6.44674347769e-11
6.59616165074e-11
-1.18710353156e-10
1.33462442134e-10
-1.94069527863e-11
-7.25326006105e-11
1.62059897112e-10
-1.03775109886e-10
1.49828725847e-11
1.32013347299e-10
-1.51001509331e-10
1.14371910942e-10
4.68140206696e-11
-1.36204166535e-10
1.87136887014e-10
-6.53944239637e-11
-5.70693207294e-11
1.98959731658e-10
-1.6021575e-10
6.34136238014e-11
1.34660610026e-10
-1.94701955438e-10
1.82916093543e-10
9.23966313502e-12
-1.4606359551e-10
2.52535995032e-10
-1.32579187622e-10
-2.25037938344e-11
2.34511108683e-10
-2.31838978183e-10
1.3736818562e-10
1.20929356969e-10
-2.40084696314e-10
2.74929720143e-10
-5.53374566745e-11
-1.40929541279e-10
3.29556944579e-10
-2.27330702993e-10
4.12411758216e-11
2.624495847e-10
-3.19689994203e-10
2.4661841792e-10
7.97294669507e-11
-2.81479190898e-10
3.96009201854e-10
-1.58838300905e-10
-1.09165976525e-10
4.16090539788e-10
-3.57276936808e-10
1.48993403208e-10
2.71792562009e-10
-4.23098664682e-10
4.04552908375e-10
-5.95365019054e-12
-3.08528511501e-10
5.52274907092e-10
-3.17861532158e-10
-3.22725012023e-11
5.0608217786e-10
-5.31223182907e-10
3.22957721234e-10
2.43595798719e-10
-5.3790751185e-10
6.29727070736e-10
-1.62398583742e-10
-3.02797001336e-10
7.49576045815e-10
-5.55652881226e-10
1.19662133469e-10
5.85817876115e-10
-7.58672878299e-10
5.97206496115e-10
1.45192187462e-10
-6.53058903968e-10
9.48181924784e-10
-4.30773536341e-10
-2.31450870388e-10
9.91380563113e-10
-9.05110284581e-10
3.96344779878e-10
6.2659650112e-10
-1.04838343484e-09
1.02569316785e-09
-8.04772049574e-11
-7.43720614731e-10
1.39690578311e-09
-8.7707416985e-10
-3.48136454495e-11
1.27349973707e-09
-1.41353452125e-09
8.83615926085e-10
5.69651621639e-10
-1.4045181367e-09
1.69728936189e-09
-5.35694572287e-10
-7.56615144244e-10
2.02887847656e-09
-1.61073121947e-09
3.99780682646e-10
1.57090377748e-09
-2.15040517364e-09
1.73741709025e-09
2.93317517449e-10
-1.81649542856e-09
2.76578452108e-09
-1.41144351163e-09
-5.76387228246e-10
2.91977317248e-09
-2.82201394472e-09
1.29735223086e-09
1.8035159868e-09
-3.22044963085e-09
3.26024425242e-09
-4.64020824504e-10
-2.23106581678e-09
4.5145370873e-09
-3.08612273313e-09
5.86902097111e-11
4.17374227526e-09
-4.86408620173e-09
3.14367608671e-09
1.74095011767e-09
-4.78553045846e-09
6.09150447129e-09
-2.30346685533e-09
-2.46905239626e-09
7.5104555932e-09
-6.37522407456e-09
1.79359889713e-09
5.91146635874e-09
-8.45408576656e-09
7.10557246891e-09
7.06696161315e-10
-7.09699617592e-09
1.17492188825e-08
-6.75544752648e-09
-1.94457970801e-09
1.30234017072e-08
-1.32600336201e-08
6.43300356837e-09
8.14461223294e-09
-1.52434549441e-08
1.64424755857e-08
-3.50078102678e-09
-1.05041249999e-08
2.44868079185e-08
-1.83773788705e-08
1.47350458204e-09
2.44069043143e-08
-2.94861135203e-08
2.01156265429e-08
9.91759622629e-09
-2.98050466443e-08
4.25950989414e-08
-1.96387174834e-08
-1.50304979228e-08
5.97144829741e-08
-5.46079168195e-08
1.76516038955e-08
5.31827334794e-08
-7.7149911906e-08
7.17724578136e-08
2.18747865659e-09
-6.91455882708e-08
1.44930641582e-07
-9.85820479993e-08
-1.39830082683e-08
2.06086358182e-07
-2.20715857151e-07
1.22100338905e-07
1.64580636592e-07
-3.00541658507e-07
4.27730399208e-07
-1.47128071975e-07
-2.4306345116e-07
1.06908214839e-06
-9.63415184319e-07
2.22100480417e-07
2.16506568589e-06
-2.5556141081e-06
3.23832561623e-06
2.07799991917e-06
-4.33517133707e-06
6.06166313325e-05
-5.93015347934e-05
