-3.0 -0.346445613374 -0.00120589707712
-2.99 -0.347655712732 -0.00121437626315
-2.98 -0.348874335836 -0.00122294563505
-2.97 -0.350101573508 -0.00123160648282
-2.96 -0.351337517869 -0.00124036011975
-2.95 -0.352582262369 -0.0012492078829
-2.94 -0.353835901803 -0.00125815113363
-2.93 -0.355098532342 -0.00126719125813
-2.92 -0.356370251555 -0.00127632966797
-2.91 -0.357651158434 -0.00128556780069
-2.9 -0.358941353424 -0.00129490712032
-2.89 -0.360240938446 -0.00130434911803
-2.88 -0.361550016925 -0.00131389531271
-2.87 -0.36286869382 -0.00132354725159
-2.86 -0.364197075651 -0.00133330651091
-2.85 -0.36553527053 -0.00134317469654
-2.84 -0.366883388187 -0.00135315344469
-2.83 -0.368241540006 -0.00136324442257
-2.82 -0.369609839052 -0.00137344932915
-2.81 -0.370988400107 -0.00138376989584
-2.8 -0.372377339698 -0.00139420788728
-2.79 -0.373776776136 -0.00140476510208
-2.78 -0.375186829546 -0.00141544337365
-2.77 -0.376607621904 -0.001426244571
-2.76 -0.378039277074 -0.00143717059956
-2.75 -0.379481920841 -0.00144822340206
-2.74 -0.380935680955 -0.00145940495942
-2.73 -0.382400687164 -0.00147071729165
-2.72 -0.383877071256 -0.00148216245879
-2.71 -0.385364967098 -0.00149374256186
-2.7 -0.386864510682 -0.00150545974388
-2.69 -0.388375840159 -0.00151731619084
-2.68 -0.389899095893 -0.0015293141328
-2.67 -0.391434420497 -0.00154145584492
-2.66 -0.392981958881 -0.0015537436486
-2.65 -0.394541858302 -0.00156617991262
-2.64 -0.396114268408 -0.00157876705428
-2.63 -0.39769934129 -0.00159150754065
-2.62 -0.399297231529 -0.00160440388977
-2.61 -0.400908096252 -0.00161745867198
-2.6 -0.402532095181 -0.00163067451118
-2.59 -0.40416939069 -0.00164405408624
-2.58 -0.405820147857 -0.00165760013237
-2.57 -0.407484534526 -0.00167131544255
-2.56 -0.409162721363 -0.00168520286905
-2.55 -0.410854881914 -0.00169926532491
-2.54 -0.412561192671 -0.00171350578556
-2.53 -0.41428183313 -0.00172792729041
-2.52 -0.416016985861 -0.00174253294453
-2.51 -0.417766836571 -0.00175732592039
-2.5 -0.419531574173 -0.00177230945961
-2.49 -0.421311390857 -0.00178748687483
-2.48 -0.423106482161 -0.00180286155155
-2.47 -0.424917047044 -0.00181843695014
-2.46 -0.426743287966 -0.00183421660781
-2.45 -0.428585410959 -0.00185020414068
-2.44 -0.430443625714 -0.00186640324597
-2.43 -0.432318145657 -0.00188281770415
-2.42 -0.434209188039 -0.00189945138128
-2.41 -0.436116974019 -0.00191630823133
-2.4 -0.438041728752 -0.0019333922986
-2.39 -0.439983681487 -0.00195070772029
-2.38 -0.441943065653 -0.00196825872904
-2.37 -0.443920118961 -0.00198604965565
-2.36 -0.445915083503 -0.00200408493181
-2.35 -0.447928205851 -0.002022369093
-2.34 -0.449959737168 -0.00204090678145
-2.33 -0.452009933309 -0.00205970274918
-2.32 -0.454079054938 -0.00207876186115
-2.31 -0.456167367643 -0.0020980890986
-2.3 -0.458275142047 -0.00211768956234
-2.29 -0.460402653936 -0.00213756847633
-2.28 -0.462550184384 -0.00215773119127
-2.27 -0.464718019877 -0.00217818318836
-2.26 -0.466906452446 -0.00219893008315
-2.25 -0.46911577981 -0.0022199776296
-2.24 -0.471346305507 -0.00224133172423
-2.23 -0.473598339044 -0.00226299841042
-2.22 -0.475872196048 -0.00228498388286
-2.21 -0.478168198413 -0.00230729449222
-2.2 -0.480486674465 -0.0023299367499
-2.19 -0.482827959119 -0.00235291733303
-2.18 -0.485192394053 -0.00237624308959
-2.17 -0.487580327879 -0.00239992104377
-2.16 -0.489992116319 -0.00242395840153
-2.15 -0.492428122395 -0.0024483625563
-2.14 -0.494888716615 -0.00247314109499
-2.13 -0.497374277172 -0.00249830180416
-2.12 -0.499885190145 -0.00252385267641
-2.11 -0.50242184971 -0.00254980191714
-2.1 -0.504984658356 -0.00257615795137
-2.09 -0.507574027105 -0.00260292943105
-2.08 -0.510190375747 -0.00263012524242
-2.07 -0.512834133076 -0.00265775451389
-2.06 -0.515505737134 -0.00268582662405
-2.05 -0.518205635469 -0.00271435121009
-2.04 -0.520934285396 -0.00274333817657
-2.03 -0.52369215427 -0.00277279770446
-2.02 -0.526479719763 -0.00280274026061
-2.01 -0.52929747016 -0.00283317660763
-2.0 -0.532145904656 -0.00286411781412
-1.99 -0.53502553367 -0.00289557526531
-1.98 -0.537936879163 -0.00292756067426
-1.97 -0.540880474976 -0.00296008609338
-1.96 -0.543856867172 -0.00299316392651
-1.95 -0.546866614393 -0.00302680694157
-1.94 -0.549910288236 -0.00306102828362
-1.93 -0.552988473628 -0.00309584148862
-1.92 -0.556101769232 -0.00313126049769
-1.91 -0.559250787853 -0.00316729967203
-1.9 -0.562436156871 -0.00320397380854
-1.89 -0.565658518681 -0.00324129815603
-1.88 -0.568918531153 -0.00327928843229
-1.87 -0.572216868112 -0.00331796084184
-1.86 -0.575554219831 -0.00335733209448
-1.85 -0.578931293548 -0.00339741942478
-1.84 -0.582348813998 -0.00343824061236
-1.83 -0.585807523973 -0.0034798140032
-1.82 -0.589308184891 -0.00352215853192
-1.81 -0.592851577404 -0.00356529374511
-1.8 -0.596438502018 -0.00360923982578
-1.79 -0.600069779742 -0.00365401761899
-1.78 -0.603746252761 -0.00369964865871
-1.77 -0.607468785144 -0.00374615519605
-1.76 -0.611238263568 -0.0037935602288
-1.75 -0.615055598088 -0.0038418875325
-1.74 -0.618921722921 -0.00389116169309
-1.73 -0.62283759728 -0.00394140814112
-1.72 -0.626804206235 -0.00399265318786
-1.71 -0.630822561606 -0.00404492406313
-1.7 -0.634893702911 -0.0040982489552
-1.69 -0.639018698332 -0.00415265705276
-1.68 -0.643198645749 -0.00420817858912
-1.67 -0.647434673796 -0.00426484488875
-1.66 -0.651727942984 -0.00432268841646
-1.65 -0.656079646862 -0.00438174282911
-1.64 -0.660491013235 -0.00444204303031
-1.63 -0.664963305439 -0.00450362522813
-1.62 -0.669497823676 -0.00456652699604
-1.61 -0.674095906407 -0.00463078733743
-1.6 -0.678758931818 -0.00469644675371
-1.59 -0.683488319349 -0.00476354731652
-1.58 -0.688285531304 -0.00483213274413
-1.57 -0.693152074532 -0.00490224848239
-1.56 -0.6980895022 -0.00497394179062
-1.55 -0.703099415647 -0.00504726183272
-1.54 -0.708183466332 -0.00512225977391
-1.53 -0.713343357892 -0.00519898888351
-1.52 -0.71858084829 -0.0052775046443
-1.51 -0.723897752087 -0.00535786486879
-1.5 -0.72929594283 -0.00544012982318
-1.49 -0.73477735557 -0.00552436235936
-1.48 -0.740343989509 -0.00561062805581
-1.47 -0.745997910805 -0.00569899536801
-1.46 -0.751741255519 -0.00578953578911
-1.45 -0.757576232736 -0.00588232402194
-1.44 -0.763505127861 -0.00597743816295
-1.43 -0.769530306108 -0.00607495989955
-1.42 -0.775654216184 -0.00617497472166
-1.41 -0.781879394208 -0.00627757214895
-1.4 -0.788208467845 -0.00638284597517
-1.39 -0.794644160713 -0.00649089453107
-1.38 -0.801189297044 -0.00660182096774
-1.37 -0.807846806656 -0.00671573356237
-1.36 -0.814619730226 -0.00683274604844
-1.35 -0.821511224918 -0.00695297797302
-1.34 -0.828524570374 -0.00707655508375
-1.33 -0.835663175114 -0.00720360974868
-1.32 -0.842930583364 -0.0073342814124
-1.31 -0.850330482366 -0.00746871709237
-1.3 -0.857866710199 -0.00760707191998
-1.29 -0.865543264172 -0.00774950973128
-1.28 -0.873364309821 -0.00789620371316
-1.27 -0.881334190589 -0.00804733711158
-1.26 -0.889457438245 -0.00820310400925
-1.25 -0.897738784112 -0.00836371018146
-1.24 -0.906183171193 -0.00852937403996
-1.23 -0.914795767285 -0.00870032767638
-1.22 -0.923581979187 -0.00887681801839
-1.21 -0.932547468121 -0.00905910811436
-1.2 -0.941698166503 -0.00924747856437
-1.19 -0.951040296221 -0.00944222911902
-1.18 -0.960580388592 -0.00964368047114
-1.17 -0.970325306212 -0.00985217627002
-1.16 -0.980282266936 -0.0100680853937
-1.15 -0.990458870252 -0.0102918045215
-1.14 -1.00086312639 -0.0105237610576
-1.13 -1.01150348853 -0.0107644164679
-1.12 -1.02238888856 -0.0110142701032
-1.11 -1.03352877686 -0.0112738636031
-1.1 -1.04493316688 -0.0115437859907
-1.09 -1.05661268507 -0.0118246795991
-1.08 -1.06857862721 -0.0121172470062
-1.07 -1.08084302216 -0.0124222591946
-1.06 -1.09341870437 -0.01274056522
-1.05 -1.10631939694 -0.0130731037451
-1.04 -1.11955980697 -0.0134209169026
-1.03 -1.1331557361 -0.0137851670959
-1.02 -1.1471242093 -0.0141671575382
-1.01 -1.16148362602 -0.0145683576032
-1.0 -1.1762539392 -0.014990434443
-0.99 -1.19145686901 -0.0154352928696
-0.98 -1.2071161606 -0.0159051262909
-0.97 -1.22325789833 -0.0164024826568
-0.96 -1.23991089342 -0.0169303511348
-0.95 -1.25710716855 -0.0174922779514
-0.94 -1.27488257264 -0.0180925241218
-0.93 -1.29327757384 -0.0187362847575
-0.92 -1.31233830153 -0.0194300012853
-0.91 -1.33211794481 -0.0201818180913
-0.9 -1.35267867493 -0.0210022714548
-0.89 -1.37409436211 -0.0219053671926
-0.88 -1.39645453897 -0.0229103397683
-0.87 -1.41987040108 -0.0240446743281
-0.86 -1.44448429238 -0.0253496323764
-0.85 -1.47048546586 -0.026891172338
-0.84 -1.49813774812 -0.0287837896229
-0.83 -1.52783046013 -0.0312498239657
-0.82 -1.56016875647 -0.0347949002659
-0.81 -1.59600724429 -0.0408391124662
-0.8 -1.63452723623 -0.0533978941201
-0.79 -1.66803937396 -0.0727296339317
-0.78 -1.69627178754 -0.0912852502228
-0.77 -1.7229563859 -0.108054869631
-0.76 -1.74942102322 -0.123729200505
-0.75 -1.7761436635 -0.138802467847
-0.74 -1.80334477205 -0.153588158778
-0.73 -1.83114983911 -0.168297723115
-0.72 -1.85964348089 -0.183084855484
-0.71 -1.88889086896 -0.198069248728
-0.7 -1.91894742653 -0.213349955526
-0.69 -1.94986369695 -0.229013363522
-0.68 -1.98168800602 -0.245138241668
-0.67 -2.01446802929 -0.261799119166
-0.66 -2.04825177852 -0.279068678643
-0.65 -2.08308826259 -0.297019550602
-0.64 -2.1190279572 -0.315725739519
-0.63 -2.15612315694 -0.335263825028
-0.62 -2.19442825187 -0.355714031723
-0.61 -2.23399995227 -0.377161231632
-0.6 -2.27489747553 -0.399695925663
-0.59 -2.31718270164 -0.423415239669
-0.58 -2.36092029996 -0.448423964382
-0.57 -2.40617782601 -0.474835664982
-0.56 -2.4530257842 -0.502773884437
-0.55 -2.50153764951 -0.532373464539
-0.54 -2.55178983802 -0.56378200933
-0.53 -2.60386161268 -0.597161517309
-0.52 -2.65783490634 -0.632690211193
-0.51 -2.71379403918 -0.670564597016
-0.5 -2.77182530092 -0.711001788085
-0.49 -2.8320163603 -0.754242133485
-0.48 -2.89445545433 -0.800552195597
-0.47 -2.95923029676 -0.850228126222
-0.46 -3.02642662917 -0.903599496289
-0.45 -3.09612631773 -0.96103363937
-0.44 -3.16840487257 -1.02294057399
-0.43 -3.24332823399 -1.0897785731
-0.42 -3.32094862823 -1.16206044991
-0.41 -3.40129924303 -1.24036062591
-0.4 -3.48438740744 -1.3253230364
-0.39 -3.57018587745 -1.41766990745
-0.38 -3.65862172627 -1.51821139962
-0.37 -3.74956221092 -1.62785605046
-0.36 -3.8427968322 -1.74762184567
-0.35 -3.93801461995 -1.87864759254
-0.34 -4.03477546065 -2.02220403237
-0.33 -4.13247404483 -2.17970377783
-0.32 -4.23029476444 -2.35270865048
-0.31 -4.32715566933 -2.54293226213
-0.3 -4.421639464 -2.75223465563
-0.29 -4.51190960577 -2.98260440873
-0.28 -4.59561004919 -3.23612172114
-0.27 -4.66974837711 -3.51489359268
-0.26 -4.73056443199 -3.82094929554
-0.25 -4.77339077074 -4.15608118766
-0.24 -4.79251815079 -4.52161315226
-0.23 -4.78108971487 -4.91807791128
-0.22 -4.73106217021 -5.34478753398
-0.21 -4.6332905502 -5.79929237661
-0.2 -4.47781211537 -6.2767474004
-0.19 -4.25441719489 -6.76924623274
-0.18 -3.95358679013 -7.26524393046
-0.17 -3.56782962752 -7.74926102417
-0.16 -3.09334734997 -8.20211873377
-0.15 -2.53179496657 -8.60195267663
-0.14 -1.89172268144 -8.9261364472
-0.13 -1.18917333717 -9.15399199421
-0.12 -0.446979813369 -9.26982335057
-0.11 0.307380072761 -9.26553371757
-0.1 1.04503353705 -9.14205858486
-0.0900000000001 1.73930238097 -8.90915671065
-0.0800000000001 2.3687292274 -8.58363409106
-0.0700000000001 2.9188712523 -8.18656956794
-0.0600000000001 3.38265794367 -7.74032917067
-0.0500000000001 3.75955746922 -7.2660469002
-0.0400000000001 4.05404188491 -6.78194063877
-0.0300000000001 4.27385300984 -6.30250816784
-0.0200000000001 4.42843225827 -5.83843296942
-0.0100000000001 4.52769899007 -5.39694901944
-6.39488462184e-14 4.58121683316 -4.98243119964
0.00999999999994 4.59770105037 -4.59704060765
0.0199999999999 4.58478531939 -4.24132242545
0.0299999999999 4.54896468326 -3.91470846293
0.0399999999999 4.49564561696 -3.61591219751
0.0499999999999 4.42925265785 -3.34322377162
0.0599999999999 4.3533579531 -3.0947209213
0.0699999999999 4.27081322681 -2.868413717
0.0799999999999 4.18387291336 -2.66233956478
0.0899999999999 4.09430321452 -2.4746221628
0.0999999999999 4.00347547683 -2.30350513901
0.11 3.91244431669 -2.14736842313
0.12 3.82201192744 -2.00473321288
0.13 3.73278039585 -1.87425969178
0.14 3.64519390163 -1.75474038242
0.15 3.55957254342 -1.64509109324
0.16 3.47613932666 -1.54434075741
0.17 3.39504162022 -1.45162100072
0.18 3.31636816937 -1.36615595798
0.19 3.24016255615 -1.2872526423
0.2 3.16643382913 -1.2142920282
0.21 3.0951648833 -1.14672091675
0.22 3.02631905473 -1.08404459121
0.23 2.95984529997 -1.02582023663
0.24 2.89568225458 -0.97165107562
0.25 2.8337614043 -0.921181162893
0.26 2.77400955391 -0.874090777191
0.27 2.71635074067 -0.830092349516
0.28 2.6607077084 -0.788926869488
0.29 2.60700303464 -0.750360715648
0.3 2.55515998361 -0.714182860243
0.31 2.5051031432 -0.680202403904
0.32 2.45675889175 -0.648246400395
0.33 2.4100557313 -0.618157936079
0.34 2.36492451603 -0.589794432911
0.35 2.32129859913 -0.563026147512
0.36 2.27911391621 -0.537734842249
0.37 2.23830901981 -0.513812607218
0.38 2.19882507646 -0.4911608147
0.39 2.16060583545 -0.469689189946
0.4 2.12359757648 -0.449314984193
0.41 2.08774904189 -0.429962237591
0.42 2.05301135797 -0.411561121243
0.43 2.01933794884 -0.394047348937
0.44 1.98668444563 -0.377361650272
0.45 1.95500859321 -0.361449297933
0.46 1.92427015586 -0.346259682707
0.47 1.89443082341 -0.331745930626
0.48 1.86545411853 -0.317864557236
0.49 1.83730530605 -0.304575154569
0.5 1.80995130459 -0.291840106886
0.51 1.78336060093 -0.27962433161
0.52 1.7575031673 -0.267895042263
0.53 1.73235038154 -0.256621530427
0.54 1.70787495015 -0.245774963999
0.55 1.68405083417 -0.235328199115
0.56 1.66085317749 -0.225255603197
0.57 1.63825823746 -0.215532886573
0.58 1.61624331725 -0.206136939995
0.59 1.59478669944 -0.197045675169
0.6 1.57386758011 -0.188237865017
0.61 1.55346600236 -0.179692979816
0.62 1.53356278801 -0.171391014439
0.63 1.51413946542 -0.163312300628
0.64 1.4951781908 -0.15543729625
0.65 1.47666165899 -0.147746340561
0.66 1.45857299756 -0.140219360082
0.67 1.44089563484 -0.132835502839
0.68 1.42361312688 -0.125572667935
0.69 1.40670891817 -0.118406879998
0.7 1.3901659932 -0.11131142894
0.71 1.3739663412 -0.104255645259
0.72 1.35809008796 -0.0972030910626
0.73 1.34251400039 -0.0901087782523
0.74 1.32720873011 -0.0829146938189
0.75 1.31213330279 -0.0755422293395
0.76 1.29722292596 -0.0678786588425
0.77 1.28235822404 -0.0597518821154
0.78 1.26727293927 -0.0508854679983
0.79 1.25121797023 -0.0408887124724
0.8 1.23207807249 -0.0303260637835
0.81 1.20997358748 -0.0234659103877
0.82 1.18922963007 -0.0202121896372
0.83 1.17033143841 -0.0183332684768
0.84 1.15281939887 -0.0170412572582
0.85 1.13636900411 -0.0160571517407
0.86 1.12077366419 -0.0152590893322
0.87 1.10589501788 -0.0145847938112
0.88 1.09163496231 -0.0139986879304
0.89 1.07792051332 -0.0134787134349
0.9 1.06469522022 -0.0130103132035
0.91 1.05191402591 -0.0125833968401
0.92 1.03954003402 -0.0121906872784
0.93 1.02754238677 -0.011826762153
0.94 1.01589481982 -0.0114874690071
0.95 1.00457464677 -0.0111695531066
0.96 0.993562025625 -0.0108704119121
0.97 0.982839416246 -0.0105879280404
0.98 0.972391170608 -0.0103203525477
0.99 0.962203217461 -0.0100662214411
1.0 0.952262815671 -0.00982429471027
1.01 0.942558358389 -0.00959351097512
1.02 0.933079215467 -0.00937295318723
1.03 0.923815605139 -0.00916182230074
1.04 0.914758488356 -0.00895941678554
1.05 0.905899480914 -0.00876511648826
1.06 0.897230779698 -0.00857836977399
1.07 0.888745100262 -0.00839868317492
1.08 0.880435623574 -0.00822561297687
1.09 0.87229595028 -0.0080587583202
1.1 0.864320061142 -0.00789775549573
1.11 0.856502282618 -0.00774227319258
1.12 0.848837256745 -0.00759200851068
1.13 0.841319914648 -0.00744668359267
1.14 0.833945453114 -0.00730604276104
1.15 0.826709313797 -0.00716985007059
1.16 0.81960716467 -0.00703788720443
1.17 0.812634883408 -0.00690995165585
1.18 0.805788542467 -0.00678585514965
1.19 0.79906439561 -0.0066654222651
1.2 0.792458865729 -0.00654848922944
1.21 0.785968533777 -0.00643490285666
1.22 0.779590128704 -0.00632451961029
1.23 0.773320518257 -0.00621720477275
1.24 0.767156700573 -0.00611283170652
1.25 0.761095796455 -0.00601128119491
1.26 0.755135042273 -0.00591244085191
1.27 0.749271783426 -0.00581620459236
1.28 0.743503468295 -0.00572247215493
1.29 0.737827642656 -0.0056311486715
1.3 0.732241944498 -0.00554214427733
1.31 0.726744099207 -0.00545537375752
1.32 0.721331915094 -0.00537075622536
1.33 0.71600327922 -0.00528821482925
1.34 0.710756153511 -0.00520767648499
1.35 0.705588571114 -0.0051290716308
1.36 0.700498633001 -0.00505233400267
1.37 0.695484504782 -0.00497740042796
1.38 0.690544413709 -0.0049042106355
1.39 0.685676645875 -0.00483270708052
1.4 0.680879543569 -0.00476283478295
1.41 0.676151502793 -0.004694541178
1.42 0.67149097092 -0.00462777597768
1.43 0.666896444484 -0.00456249104238
1.44 0.662366467099 -0.00449864026165
1.45 0.657899627484 -0.0044361794433
1.46 0.653494557599 -0.00437506621012
1.47 0.649149930887 -0.00431525990362
1.48 0.644864460596 -0.0042567214942
1.49 0.640636898199 -0.00419941349719
1.5 0.636466031887 -0.00414329989431
1.51 0.632350685147 -0.00408834606012
1.52 0.628289715396 -0.00403451869312
1.53 0.624282012702 -0.00398178575106
1.54 0.620326498548 -0.00393011639021
1.55 0.616422124669 -0.00387948090826
1.56 0.612567871935 -0.00382985069063
1.57 0.608762749293 -0.00378119815987
1.58 0.605005792753 -0.00373349672801
1.59 0.601296064422 -0.00368672075161
1.6 0.597632651583 -0.00364084548937
1.61 0.594014665813 -0.00359584706198
1.62 0.59044124214 -0.00355170241433
1.63 0.586911538239 -0.00350838927964
1.64 0.583424733662 -0.00346588614553
1.65 0.579980029095 -0.00342417222197
1.66 0.576576645662 -0.00338322741077
1.67 0.573213824237 -0.00334303227675
1.68 0.569890824802 -0.00330356802034
1.69 0.566606925824 -0.00326481645159
1.7 0.563361423656 -0.00322675996545
1.71 0.560153631966 -0.00318938151827
1.72 0.556982881188 -0.00315266460551
1.73 0.553848517993 -0.00311659324045
1.74 0.55074990478 -0.00308115193399
1.75 0.547686419192 -0.00304632567534
1.76 0.544657453644 -0.00301209991372
1.77 0.541662414874 -0.00297846054079
1.78 0.53870072351 -0.00294539387401
1.79 0.535771813648 -0.00291288664065
1.8 0.532875132456 -0.00288092596262
1.81 0.530010139783 -0.00284949934193
1.82 0.527176307787 -0.00281859464681
1.83 0.524373120576 -0.00278820009842
1.84 0.521600073862 -0.0027583042582
1.85 0.518856674627 -0.0027288960157
1.86 0.516142440799 -0.00269996457698
1.87 0.513456900944 -0.00267149945349
1.88 0.510799593964 -0.0026434904514
1.89 0.508170068809 -0.00261592766144
1.9 0.505567884197 -0.00258880144907
1.91 0.502992608343 -0.00256210244515
1.92 0.500443818699 -0.00253582153691
1.93 0.497921101706 -0.00250994985936
1.94 0.495424052541 -0.002484478787
1.95 0.492952274894 -0.00245939992588
1.96 0.490505380727 -0.00243470510596
1.97 0.488082990067 -0.00241038637377
1.98 0.485684730784 -0.00238643598541
1.99 0.483310238386 -0.00236284639976
2.0 0.480959155825 -0.00233961027196
2.01 0.478631133297 -0.00231672044717
2.02 0.476325828061 -0.00229416995456
2.03 0.474042904253 -0.0022719520015
2.04 0.471782032716 -0.00225005996799
2.05 0.469542890824 -0.00222848740133
2.06 0.467325162323 -0.00220722801088
2.07 0.465128537167 -0.00218627566317
2.08 0.462952711367 -0.00216562437705
2.09 0.460797386838 -0.00214526831907
2.1 0.458662271257 -0.00212520179907
2.11 0.456547077917 -0.00210541926584
2.12 0.454451525597 -0.002085915303
2.13 0.452375338421 -0.00206668462503
2.14 0.450318245736 -0.00204772207335
2.15 0.448279981984 -0.00202902261268
2.16 0.446260286582 -0.00201058132741
2.17 0.4442589038 -0.00199239341813
2.18 0.442275582654 -0.00197445419831
2.19 0.440310076787 -0.00195675909103
2.2 0.438362144364 -0.00193930362592
2.21 0.436431547971 -0.00192208343608
2.22 0.434518054506 -0.00190509425521
2.23 0.432621435085 -0.00188833191476
2.24 0.430741464942 -0.00187179234123
2.25 0.428877923341 -0.00185547155352
2.26 0.427030593477 -0.00183936566041
2.27 0.425199262393 -0.00182347085806
2.28 0.423383720894 -0.00180778342763
2.29 0.421583763459 -0.001792299733
2.3 0.419799188163 -0.00177701621853
2.31 0.418029796598 -0.00176192940687
2.32 0.416275393791 -0.00174703589688
2.33 0.414535788137 -0.00173233236164
2.34 0.412810791316 -0.00171781554641
2.35 0.41110021823 -0.00170348226681
2.36 0.40940388693 -0.00168932940693
2.37 0.407721618547 -0.00167535391755
2.38 0.40605323723 -0.00166155281441
2.39 0.40439857008 -0.00164792317654
2.4 0.402757447086 -0.00163446214464
2.41 0.401129701066 -0.00162116691947
2.42 0.399515167609 -0.00160803476037
2.43 0.397913685012 -0.00159506298372
2.44 0.396325094232 -0.00158224896154
2.45 0.394749238822 -0.00156959012011
2.46 0.393185964884 -0.00155708393854
2.47 0.391635121014 -0.00154472794755
2.48 0.390096558252 -0.0015325197281
2.49 0.38857013003 -0.00152045691023
2.5 0.38705569213 -0.00150853717182
2.51 0.385553102627 -0.00149675823741
2.52 0.384062221851 -0.00148511787709
2.53 0.38258291234 -0.00147361390539
2.54 0.381115038794 -0.00146224418019
2.55 0.379658468033 -0.00145100660171
2.56 0.378213068958 -0.00143989911148
2.57 0.376778712505 -0.00142891969136
2.58 0.37535527161 -0.0014180663626
2.59 0.373942621167 -0.00140733718487
2.6 0.372540637993 -0.0013967302554
2.61 0.371149200788 -0.0013862437081
2.62 0.369768190098 -0.00137587571267
2.63 0.368397488285 -0.0013656244738
2.64 0.367036979486 -0.00135548823036
2.65 0.365686549584 -0.0013454652546
2.66 0.364346086172 -0.0013355538514
2.67 0.363015478521 -0.00132575235753
2.68 0.361694617552 -0.00131605914088
2.69 0.360383395801 -0.00130647259985
2.7 0.35908170739 -0.00129699116254
2.71 0.357789448 -0.0012876132862
2.72 0.356506514837 -0.00127833745649
2.73 0.35523280661 -0.00126916218692
2.74 0.353968223499 -0.00126008601817
2.75 0.352712667132 -0.00125110751752
2.76 0.351466040554 -0.00124222527828
2.77 0.350228248205 -0.00123343791918
2.78 0.348999195893 -0.00122474408384
2.79 0.347778790771 -0.00121614244025
2.8 0.34656694131 -0.00120763168019
2.81 0.345363557279 -0.00119921051876
2.82 0.34416854972 -0.00119087769385
2.83 0.342981830926 -0.0011826319657
2.84 0.341803314418 -0.00117447211635
2.85 0.340632914923 -0.00116639694924
2.86 0.339470548357 -0.00115840528872
2.87 0.338316131798 -0.00115049597963
2.88 0.337169583472 -0.00114266788688
2.89 0.336030822727 -0.00113491989497
2.9 0.334899770019 -0.00112725090767
2.91 0.333776346889 -0.00111965984754
2.92 0.332660475949 -0.0011121456556
2.93 0.331552080856 -0.0011047072909
2.94 0.330451086303 -0.00109734373019
2.95 0.329357417997 -0.00109005396753
2.96 0.32827100264 -0.00108283701397
2.97 0.327191767916 -0.00107569189716
2.98 0.326119642474 -0.00106861766104
2.99 0.325054555909 -0.00106161336552
3.0 0.32399643875 -0.00105467808613
