-5.0 -0.0602415136371 -3.91971250905e-05
-4.99 -0.0602807420508 -3.92598820092e-05
-4.98 -0.060320033329 -3.932285528e-05
-4.97 -0.0603593876888 -3.93860462979e-05
-4.96 -0.0603988053486 -3.94494564709e-05
-4.95 -0.0604382865282 -3.95130872207e-05
-4.94 -0.060477831449 -3.95769399827e-05
-4.93 -0.0605174403337 -3.96410162061e-05
-4.92 -0.0605571134065 -3.97053173545e-05
-4.91 -0.0605968508929 -3.97698449052e-05
-4.9 -0.0606366530203 -3.98346003502e-05
-4.89 -0.0606765200172 -3.98995851962e-05
-4.88 -0.0607164521137 -3.99648009644e-05
-4.87 -0.0607564495416 -4.00302491912e-05
-4.86 -0.0607965125341 -4.00959314278e-05
-4.85 -0.0608366413259 -4.01618492411e-05
-4.84 -0.0608768361535 -4.02280042132e-05
-4.83 -0.0609170972548 -4.02943979423e-05
-4.82 -0.0609574248693 -4.03610320421e-05
-4.81 -0.0609978192382 -4.04279081426e-05
-4.8 -0.0610382806043 -4.04950278902e-05
-4.79 -0.0610788092122 -4.05623929478e-05
-4.78 -0.0611194053079 -4.06300049948e-05
-4.77 -0.0611600691393 -4.0697865728e-05
-4.76 -0.0612008009559 -4.07659768609e-05
-4.75 -0.061241601009 -4.08343401246e-05
-4.74 -0.0612824695515 -4.0902957268e-05
-4.73 -0.0613234068383 -4.09718300576e-05
-4.72 -0.0613644131258 -4.1040960278e-05
-4.71 -0.0614054886724 -4.11103497322e-05
-4.7 -0.0614466337383 -4.11800002416e-05
-4.69 -0.0614878485853 -4.12499136466e-05
-4.68 -0.0615291334773 -4.13200918064e-05
-4.67 -0.06157048868 -4.13905365998e-05
-4.66 -0.061611914461 -4.14612499247e-05
-4.65 -0.0616534110897 -4.15322336992e-05
-4.64 -0.0616949788376 -4.16034898613e-05
-4.63 -0.061736617978 -4.16750203693e-05
-4.62 -0.0617783287862 -4.1746827202e-05
-4.61 -0.0618201115396 -4.18189123593e-05
-4.6 -0.0618619665175 -4.1891277862e-05
-4.59 -0.0619038940012 -4.19639257526e-05
-4.58 -0.0619458942742 -4.2036858095e-05
-4.57 -0.0619879676219 -4.21100769752e-05
-4.56 -0.0620301143319 -4.21835845018e-05
-4.55 -0.062072334694 -4.22573828055e-05
-4.54 -0.0621146289999 -4.23314740403e-05
-4.53 -0.0621569975437 -4.24058603832e-05
-4.52 -0.0621994406215 -4.24805440348e-05
-4.51 -0.0622419585319 -4.25555272197e-05
-4.5 -0.0622845515754 -4.26308121863e-05
-4.49 -0.0623272200549 -4.2706401208e-05
-4.48 -0.0623699642757 -4.27822965826e-05
-4.47 -0.0624127845452 -4.28585006334e-05
-4.46 -0.0624556811733 -4.2935015709e-05
-4.45 -0.0624986544721 -4.3011844184e-05
-4.44 -0.0625417047564 -4.30889884594e-05
-4.43 -0.062584832343 -4.31664509626e-05
-4.42 -0.0626280375514 -4.3244234148e-05
-4.41 -0.0626713207035 -4.33223404973e-05
-4.4 -0.0627146821238 -4.34007725203e-05
-4.39 -0.0627581221392 -4.34795327545e-05
-4.38 -0.0628016410791 -4.35586237662e-05
-4.37 -0.0628452392756 -4.36380481504e-05
-4.36 -0.0628889170634 -4.37178085318e-05
-4.35 -0.0629326747797 -4.37979075644e-05
-4.34 -0.0629765127647 -4.38783479328e-05
-4.33 -0.0630204313609 -4.3959132352e-05
-4.32 -0.0630644309138 -4.40402635679e-05
-4.31 -0.0631085117715 -4.41217443583e-05
-4.3 -0.0631526742851 -4.42035775326e-05
-4.29 -0.0631969188082 -4.42857659327e-05
-4.28 -0.0632412456976 -4.43683124334e-05
-4.27 -0.0632856553127 -4.44512199429e-05
-4.26 -0.0633301480161 -4.45344914031e-05
-4.25 -0.0633747241732 -4.46181297903e-05
-4.24 -0.0634193841524 -4.47021381157e-05
-4.23 -0.0634641283251 -4.47865194257e-05
-4.22 -0.0635089570659 -4.48712768027e-05
-4.21 -0.0635538707523 -4.49564133652e-05
-4.2 -0.0635988697652 -4.5041932269e-05
-4.19 -0.0636439544883 -4.51278367072e-05
-4.18 -0.063689125309 -4.52141299107e-05
-4.17 -0.0637343826175 -4.53008151494e-05
-4.16 -0.0637797268075 -4.5387895732e-05
-4.15 -0.063825158276 -4.54753750072e-05
-4.14 -0.0638706774235 -4.55632563638e-05
-4.13 -0.0639162846536 -4.56515432317e-05
-4.12 -0.0639619803736 -4.57402390825e-05
-4.11 -0.0640077649942 -4.58293474297e-05
-4.1 -0.0640536389298 -4.59188718297e-05
-4.09 -0.064099602598 -4.60088158825e-05
-4.08 -0.0641456564204 -4.60991832323e-05
-4.07 -0.0641918008221 -4.61899775678e-05
-4.06 -0.064238036232 -4.62812026235e-05
-4.05 -0.0642843630826 -4.637286218e-05
-4.04 -0.0643307818102 -4.64649600648e-05
-4.03 -0.0643772928553 -4.6557500153e-05
-4.02 -0.0644238966618 -4.66504863682e-05
-4.01 -0.064470593678 -4.67439226831e-05
-4.0 -0.0645173843558 -4.683781312e-05
-3.99 -0.0645642691515 -4.69321617523e-05
-3.98 -0.0646112485252 -4.70269727045e-05
-3.97 -0.0646583229414 -4.71222501537e-05
-3.96 -0.0647054928686 -4.72179983297e-05
-3.95 -0.0647527587797 -4.73142215166e-05
-3.94 -0.0648001211518 -4.74109240531e-05
-3.93 -0.0648475804666 -4.75081103335e-05
-3.92 -0.0648951372098 -4.76057848086e-05
-3.91 -0.0649427918719 -4.77039519869e-05
-3.9 -0.064990544948 -4.78026164351e-05
-3.89 -0.0650383969375 -4.7901782779e-05
-3.88 -0.0650863483447 -4.80014557049e-05
-3.87 -0.0651343996785 -4.81016399603e-05
-3.86 -0.0651825514525 -4.82023403547e-05
-3.85 -0.0652308041855 -4.83035617611e-05
-3.84 -0.0652791584007 -4.84053091165e-05
-3.83 -0.0653276146267 -4.85075874233e-05
-3.82 -0.0653761733969 -4.86104017503e-05
-3.81 -0.0654248352498 -4.87137572336e-05
-3.8 -0.0654736007292 -4.8817659078e-05
-3.79 -0.0655224703841 -4.89221125581e-05
-3.78 -0.0655714447687 -4.9027123019e-05
-3.77 -0.0656205244427 -4.91326958781e-05
-3.76 -0.0656697099711 -4.92388366259e-05
-3.75 -0.0657190019248 -4.93455508274e-05
-3.74 -0.0657684008798 -4.94528441233e-05
-3.73 -0.0658179074181 -4.95607222312e-05
-3.72 -0.0658675221273 -4.9669190947e-05
-3.71 -0.0659172456011 -4.97782561462e-05
-3.7 -0.0659670784388 -4.98879237852e-05
-3.69 -0.0660170212459 -4.99981999026e-05
-3.68 -0.0660670746337 -5.01090906209e-05
-3.67 -0.0661172392201 -5.02206021476e-05
-3.66 -0.066167515629 -5.03327407769e-05
-3.65 -0.0662179044905 -5.0445512891e-05
-3.64 -0.0662684064414 -5.05589249617e-05
-3.63 -0.0663190221249 -5.0672983552e-05
-3.62 -0.0663697521908 -5.07876953176e-05
-3.61 -0.0664205972956 -5.09030670086e-05
-3.6 -0.0664715581026 -5.10191054711e-05
-3.59 -0.0665226352819 -5.11358176489e-05
-3.58 -0.0665738295109 -5.12532105851e-05
-3.57 -0.0666251414738 -5.13712914239e-05
-3.56 -0.0666765718621 -5.14900674126e-05
-3.55 -0.0667281213744 -5.16095459033e-05
-3.54 -0.0667797907172 -5.17297343544e-05
-3.53 -0.066831580604 -5.18506403332e-05
-3.52 -0.0668834917561 -5.19722715171e-05
-3.51 -0.0669355249027 -5.20946356964e-05
-3.5 -0.0669876807805 -5.22177407754e-05
-3.49 -0.0670399601346 -5.23415947752e-05
-3.48 -0.0670923637177 -5.24662058356e-05
-3.47 -0.0671448922911 -5.25915822169e-05
-3.46 -0.0671975466242 -5.27177323026e-05
-3.45 -0.067250327495 -5.28446646017e-05
-3.44 -0.0673032356898 -5.29723877502e-05
-3.43 -0.0673562720039 -5.31009105145e-05
-3.42 -0.0674094372413 -5.3230241793e-05
-3.41 -0.067462732215 -5.3360390619e-05
-3.4 -0.067516157747 -5.34913661629e-05
-3.39 -0.0675697146686 -5.3623177735e-05
-3.38 -0.0676234038206 -5.37558347881e-05
-3.37 -0.0676772260531 -5.38893469199e-05
-3.36 -0.0677311822261 -5.40237238761e-05
-3.35 -0.0677852732093 -5.41589755529e-05
-3.34 -0.0678394998823 -5.42951119999e-05
-3.33 -0.067893863135 -5.44321434234e-05
-3.32 -0.0679483638673 -5.45700801886e-05
-3.31 -0.06800300299 -5.47089328234e-05
-3.3 -0.0680577814241 -5.48487120212e-05
-3.29 -0.0681127001016 -5.49894286441e-05
-3.28 -0.0681677599652 -5.51310937261e-05
-3.27 -0.0682229619691 -5.52737184765e-05
-3.26 -0.0682783070785 -5.54173142834e-05
-3.25 -0.0683337962701 -5.5561892717e-05
-3.24 -0.0683894305324 -5.57074655333e-05
-3.23 -0.0684452108657 -5.58540446778e-05
-3.22 -0.0685011382823 -5.6001642289e-05
-3.21 -0.0685572138067 -5.61502707023e-05
-3.2 -0.0686134384759 -5.62999424543e-05
-3.19 -0.0686698133395 -5.64506702861e-05
-3.18 -0.0687263394601 -5.6602467148e-05
-3.17 -0.0687830179131 -5.67553462033e-05
-3.16 -0.0688398497873 -5.69093208327e-05
-3.15 -0.068896836185 -5.7064404639e-05
-3.14 -0.0689539782222 -5.72206114509e-05
-3.13 -0.0690112770288 -5.73779553284e-05
-3.12 -0.069068733749 -5.75364505669e-05
-3.11 -0.0691263495413 -5.76961117023e-05
-3.1 -0.0691841255789 -5.78569535158e-05
-3.09 -0.0692420630497 -5.80189910391e-05
-3.08 -0.0693001631572 -5.81822395597e-05
-3.07 -0.06935842712 -5.83467146256e-05
-3.06 -0.0694168561723 -5.85124320515e-05
-3.05 -0.0694754515646 -5.86794079238e-05
-3.04 -0.0695342145632 -5.88476586068e-05
-3.03 -0.0695931464513 -5.9017200748e-05
-3.02 -0.0696522485285 -5.91880512843e-05
-3.01 -0.0697115221119 -5.93602274486e-05
-3.0 -0.0697709685357 -5.95337467751e-05
-2.99 -0.0698305891518 -5.97086271069e-05
-2.98 -0.0698903853301 -5.98848866015e-05
-2.97 -0.0699503584591 -6.00625437386e-05
-2.96 -0.0700105099454 -6.02416173262e-05
-2.95 -0.0700708412151 -6.04221265082e-05
-2.94 -0.0701313537134 -6.06040907716e-05
-2.93 -0.070192048905 -6.0787529954e-05
-2.92 -0.0702529282749 -6.0972464251e-05
-2.91 -0.0703139933282 -6.11589142247e-05
-2.9 -0.0703752455911 -6.13469008112e-05
-2.89 -0.0704366866105 -6.1536445329e-05
-2.88 -0.0704983179552 -6.17275694878e-05
-2.87 -0.0705601412155 -6.19202953971e-05
-2.86 -0.0706221580045 -6.21146455748e-05
-2.85 -0.0706843699576 -6.2310642957e-05
-2.84 -0.0707467787335 -6.25083109069e-05
-2.83 -0.0708093860145 -6.27076732249e-05
-2.82 -0.070872193507 -6.29087541582e-05
-2.81 -0.0709352029417 -6.31115784113e-05
-2.8 -0.0709984160743 -6.33161711562e-05
-2.79 -0.0710618346859 -6.35225580436e-05
-2.78 -0.0711254605836 -6.37307652135e-05
-2.77 -0.0711892956006 -6.39408193067e-05
-2.76 -0.0712533415974 -6.41527474765e-05
-2.75 -0.0713176004616 -6.43665774009e-05
-2.74 -0.0713820741088 -6.45823372946e-05
-2.73 -0.0714467644832 -6.48000559217e-05
-2.72 -0.0715116735579 -6.50197626088e-05
-2.71 -0.0715768033357 -6.52414872584e-05
-2.7 -0.0716421558496 -6.54652603626e-05
-2.69 -0.0717077331632 -6.56911130172e-05
-2.68 -0.0717735373718 -6.5919076936e-05
-2.67 -0.0718395706025 -6.61491844664e-05
-2.66 -0.0719058350151 -6.63814686039e-05
-2.65 -0.0719723328028 -6.66159630086e-05
-2.64 -0.0720390661928 -6.6852702021e-05
-2.63 -0.0721060374469 -6.70917206789e-05
-2.62 -0.0721732488623 -6.73330547346e-05
-2.61 -0.0722407027723 -6.75767406726e-05
-2.6 -0.0723084015472 -6.78228157275e-05
-2.59 -0.0723763475947 -6.80713179033e-05
-2.58 -0.0724445433609 -6.83222859923e-05
-2.57 -0.0725129913314 -6.85757595949e-05
-2.56 -0.0725816940314 -6.88317791402e-05
-2.55 -0.0726506540272 -6.90903859072e-05
-2.54 -0.0727198739266 -6.93516220462e-05
-2.53 -0.0727893563804 -6.9615530601e-05
-2.52 -0.0728591040823 -6.98821555323e-05
-2.51 -0.0729291197709 -7.01515417414e-05
-2.5 -0.0729994062299 -7.04237350939e-05
-2.49 -0.0730699662896 -7.06987824459e-05
-2.48 -0.0731408028274 -7.09767316691e-05
-2.47 -0.0732119187692 -7.12576316777e-05
-2.46 -0.0732833170904 -7.15415324563e-05
-2.45 -0.0733550008168 -7.18284850879e-05
-2.44 -0.0734269730258 -7.21185417834e-05
-2.43 -0.0734992368477 -7.24117559115e-05
-2.42 -0.0735717954668 -7.27081820305e-05
-2.41 -0.0736446521224 -7.30078759195e-05
-2.4 -0.0737178101102 -7.33108946125e-05
-2.39 -0.0737912727837 -7.36172964319e-05
-2.38 -0.0738650435553 -7.39271410242e-05
-2.37 -0.0739391258977 -7.42404893963e-05
-2.36 -0.0740135233452 -7.4557403953e-05
-2.35 -0.0740882394954 -7.48779485361e-05
-2.34 -0.0741632780104 -7.52021884643e-05
-2.33 -0.0742386426181 -7.55301905748e-05
-2.32 -0.0743143371145 -7.58620232659e-05
-2.31 -0.0743903653643 -7.61977565412e-05
-2.3 -0.0744667313033 -7.65374620555e-05
-2.29 -0.0745434389397 -7.68812131618e-05
-2.28 -0.0746204923559 -7.72290849601e-05
-2.27 -0.0746978957102 -7.75811543479e-05
-2.26 -0.0747756532389 -7.79375000721e-05
-2.25 -0.0748537692578 -7.82982027833e-05
-2.24 -0.0749322481644 -7.86633450912e-05
-2.23 -0.0750110944397 -7.90330116227e-05
-2.22 -0.0750903126504 -7.94072890809e-05
-2.21 -0.075169907451 -7.97862663075e-05
-2.2 -0.0752498835858 -8.01700343464e-05
-2.19 -0.0753302458914 -8.05586865098e-05
-2.18 -0.0754109992987 -8.09523184467e-05
-2.17 -0.0754921488354 -8.13510282141e-05
-2.16 -0.0755736996287 -8.17549163498e-05
-2.15 -0.0756556569073 -8.21640859491e-05
-2.14 -0.0757380260045 -8.25786427433e-05
-2.13 -0.0758208123606 -8.29986951813e-05
-2.12 -0.0759040215256 -8.34243545144e-05
-2.11 -0.0759876591623 -8.38557348839e-05
-2.1 -0.076071731049 -8.42929534119e-05
-2.09 -0.0761562430826 -8.4736130296e-05
-2.08 -0.076241201282 -8.51853889067e-05
-2.07 -0.0763266117906 -8.56408558893e-05
-2.06 -0.0764124808806 -8.61026612686e-05
-2.05 -0.0764988149555 -8.65709385586e-05
-2.04 -0.0765856205543 -8.7045824876e-05
-2.03 -0.0766729043548 -8.75274610574e-05
-2.02 -0.0767606731778 -8.80159917821e-05
-2.01 -0.0768489339902 -8.85115656988e-05
-2.0 -0.07693769391 -8.90143355575e-05
-1.99 -0.0770269602099 -8.95244583466e-05
-1.98 -0.0771167403215 -9.00420954357e-05
-1.97 -0.0772070418401 -9.05674127231e-05
-1.96 -0.0772978725294 -9.110058079e-05
-1.95 -0.0773892403258 -9.16417750607e-05
-1.94 -0.0774811533434 -9.21911759691e-05
-1.93 -0.0775736198797 -9.27489691319e-05
-1.92 -0.07766664842 -9.3315345529e-05
-1.91 -0.0777602476435 -9.38905016912e-05
-1.9 -0.0778544264287 -9.44746398955e-05
-1.89 -0.0779491938592 -9.50679683688e-05
-1.88 -0.0780445592299 -9.56707014998e-05
-1.87 -0.078140532053 -9.62830600596e-05
-1.86 -0.0782371220649 -9.69052714325e-05
-1.85 -0.0783343392327 -9.75375698554e-05
-1.84 -0.078432193761 -9.81801966679e-05
-1.83 -0.0785306960995 -9.8833400574e-05
-1.82 -0.0786298569502 -9.94974379131e-05
-1.81 -0.0787296872752 -0.000100172572945
-1.8 -0.078830198305 -0.000100859078146
-1.79 -0.0789314015468 -0.000101557234518
-1.78 -0.0790333087927 -0.000102267331914
-1.77 -0.0791359321295 -0.00010298966937
-1.76 -0.0792392839475 -0.000103724555464
-1.75 -0.0793433769503 -0.000104472308684
-1.74 -0.079448224165 -0.000105233257809
-1.73 -0.0795538389529 -0.000106007742315
-1.72 -0.0796602350197 -0.000106796112798
-1.71 -0.0797674264277 -0.000107598731413
-1.7 -0.079875427607 -0.000108415972337
-1.69 -0.079984253368 -0.000109248222253
-1.68 -0.0800939189138 -0.000110095880854
-1.67 -0.0802044398541 -0.000110959361377
-1.66 -0.0803158322185 -0.000111839091158
-1.65 -0.080428112471 -0.000112735512212
-1.64 -0.080541297525 -0.000113649081849
-1.63 -0.0806554047589 -0.000114580273312
-1.62 -0.0807704520325 -0.000115529576453
-1.61 -0.0808864577035 -0.000116497498436
-1.6 -0.0810034406459 -0.000117484564481
-1.59 -0.0811214202676 -0.000118491318642
-1.58 -0.0812404165303 -0.000119518324627
-1.57 -0.0813604499691 -0.00012056616666
-1.56 -0.0814815417139 -0.000121635450383
-1.55 -0.0816037135107 -0.00012272680381
-1.54 -0.0817269877451 -0.00012384087833
-1.53 -0.0818513874656 -0.00012497834976
-1.52 -0.0819769364089 -0.00012613991946
-1.51 -0.0821036590259 -0.000127326315496
-1.5 -0.0822315805092 -0.000128538293884
-1.49 -0.0823607268211 -0.000129776639884
-1.48 -0.0824911247242 -0.000131042169373
-1.47 -0.0826228018123 -0.000132335730297
-1.46 -0.0827557865432 -0.000133658204198
-1.45 -0.0828901082734 -0.000135010507827
-1.44 -0.0830257972935 -0.000136393594855
-1.43 -0.0831628848666 -0.000137808457675
-1.42 -0.0833014032678 -0.000139256129308
-1.41 -0.0834413858254 -0.000140737685426
-1.4 -0.0835828669651 -0.000142254246487
-1.39 -0.0837258822554 -0.00014380698
-1.38 -0.0838704684562 -0.000145397102922
-1.37 -0.0840166635691 -0.000147025884201
-1.36 -0.0841645068909 -0.000148694647476
-1.35 -0.0843140390696 -0.000150404773934
-1.34 -0.0844653021633 -0.000152157705357
-1.33 -0.0846183397026 -0.00015395494734
-1.32 -0.0847731967557 -0.000155798072733
-1.31 -0.0849299199974 -0.000157688725281
-1.3 -0.0850885577822 -0.000159628623515
-1.29 -0.0852491602208 -0.000161619564878
-1.28 -0.0854117792609 -0.000163663430137
-1.27 -0.0855764687732 -0.000165762188071
-1.26 -0.0857432846413 -0.00016791790048
-1.25 -0.0859122848577 -0.000170132727527
-1.24 -0.0860835296245 -0.000172408933444
-1.23 -0.0862570814605 -0.000174748892625
-1.22 -0.0864330053146 -0.000177155096151
-1.21 -0.0866113686852 -0.000179630158756
-1.2 -0.0867922417483 -0.000182176826298
-1.19 -0.0869756974915 -0.000184797983758
-1.18 -0.0871618118575 -0.000187496663814
-1.17 -0.0873506638965 -0.000190276056046
-1.16 -0.0875423359271 -0.000193139516809
-1.15 -0.0877369137084 -0.000196090579856
-1.14 -0.0879344866228 -0.000199132967745
-1.13 -0.0881351478706 -0.000202270604125
-1.12 -0.0883389946769 -0.000205507626962
-1.11 -0.088546128513 -0.000208848402799
-1.1 -0.0887566553323 -0.000212297542135
-1.09 -0.0889706858215 -0.000215859916031
-1.08 -0.0891883356699 -0.000219540674051
-1.07 -0.089409725857 -0.000223345263672
-1.06 -0.08963498296 -0.000227279451291
-1.05 -0.0898642394835 -0.000231349344986
-1.04 -0.0900976342128 -0.000235561419205
-1.03 -0.0903353125923 -0.000239922541569
-1.02 -0.0905774271328 -0.000244440001993
-1.01 -0.090824137848 -0.000249121544371
-1.0 -0.091075612725 -0.000253975401075
-0.99 -0.0913320282296 -0.000259010330563
-0.98 -0.091593569852 -0.000264235658426
-0.97 -0.0918604326943 -0.000269661322225
-0.96 -0.0921328221055 -0.000275297920545
-0.95 -0.0924109543669 -0.000281156766706
-0.94 -0.0926950574342 -0.000287249947659
-0.93 -0.0929853717412 -0.000293590388646
-0.92 -0.0932821510702 -0.000300191924275
-0.91 -0.0935856634981 -0.000307069376751
-0.9 -0.0938961924229 -0.000314238642113
-0.89 -0.0942140376815 -0.000321716785409
-0.88 -0.0945395167669 -0.000329522145906
-0.87 -0.0948729661554 -0.000337674453556
-0.86 -0.0952147427569 -0.000346194958126
-0.85 -0.0955652254992 -0.000355106572591
-0.84 -0.0959248170647 -0.000364434032629
-0.83 -0.096293945793 -0.000374204074321
-0.82 -0.0966730677723 -0.000384445632486
-0.81 -0.0970626691376 -0.000395190062432
-0.8 -0.0974632686044 -0.000406471388364
-0.79 -0.0978754202628 -0.000418326582172
-0.78 -0.0982997166669 -0.000430795876944
-0.77 -0.0987367922547 -0.000443923120256
-0.76 -0.0991873271416 -0.000457756173123
-0.75 -0.0996520513363 -0.000472347361516
-0.74 -0.100131749434 -0.000487753988539
-0.73 -0.100627265855 -0.000504038916785
-0.72 -0.101139510697 -0.000521271232136
-0.71 -0.101669466296 -0.000539527002319
-0.7 -0.102218194594 -0.000558890146062
-0.69 -0.10278684543 -0.000579453431745
-0.68 -0.103376665895 -0.000601319628137
-0.67 -0.10398901092 -0.000624602834384
-0.66 -0.104625355275 -0.000649430022009
-0.65 -0.10528730723 -0.000675942828566
-0.64 -0.105976624127 -0.000704299651202
-0.63 -0.106695230203 -0.000734678099024
-0.62 -0.10744523705 -0.000767277876592
-0.61 -0.108228967166 -0.000802324187685
-0.6 -0.109048981189 -0.000840071769861
-0.59 -0.109908109473 -0.000880809697531
-0.58 -0.110809488867 -0.000924867126139
-0.57 -0.111756605703 -0.000972620194999
-0.56 -0.11275334629 -0.00102450036481
-0.55 -0.113804056459 -0.00108100454225
-0.54 -0.114913612142 -0.00114270744478
-0.53 -0.116087503457 -0.00121027679276
-0.52 -0.117331935405 -0.00128449209506
-0.51 -0.118653949176 -0.0013662680371
-0.5 -0.120061569164 -0.00145668381107
-0.49 -0.12156398232 -0.00155702018455
-0.48 -0.123171758458 -0.0016688067399
-0.47 -0.124897122933 -0.00179388261435
-0.46 -0.126754296836 -0.00193447535186
-0.45 -0.128759925116 -0.00209330433262
-0.44 -0.130933620423 -0.0022737179692
-0.43 -0.133298660979 -0.00247987792019
-0.42 -0.135882896002 -0.00271700973368
-0.41 -0.138719934612 -0.00299174885458
-0.4 -0.141850727611 -0.00331262594259
-0.39 -0.145325702564 -0.00369075964953
-0.38 -0.149207692016 -0.00414086498213
-0.37 -0.153576021051 -0.00468275322423
-0.36 -0.158532326564 -0.00534361805918
-0.35 -0.164209026528 -0.00616161721505
-0.34 -0.170781955616 -0.00719166243344
-0.33 -0.178489753774 -0.00851512250818
-0.32 -0.187664582683 -0.0102567780041
-0.31 -0.198782596619 -0.0126159377869
-0.3 -0.212550398865 -0.0159269830504
-0.29 -0.230060279998 -0.0207857966176
-0.28 -0.253083610167 -0.0283377880648
-0.27 -0.284652717286 -0.0410098887096
-0.26 -0.330228467418 -0.0646499397656
-0.25 -0.399519674898 -0.115991478863
-0.24 -0.499858865791 -0.253868657047
-0.23 -0.46674303026 -0.656433540463
-0.22 0.19090703437 -0.688366745545
-0.21 0.247094227107 -0.277463349993
-0.2 0.141165908066 -0.147631735251
-0.19 0.0789715160305 -0.115044717434
-0.18 0.0485063966226 -0.101711056792
-0.17 0.0309235025545 -0.0926486172392
-0.16 0.0193656622511 -0.0855114983415
-0.15 0.0111288818843 -0.0795846088745
-0.14 0.0049328729507 -0.0745180624152
-0.13 8.76693692759e-05 -0.0700997418367
-0.12 -0.00381391738706 -0.0661872552155
-0.11 -0.00702878853704 -0.062679328669
-0.1 -0.00972754227817 -0.0595011036002
-0.0900000000001 -0.0120281592892 -0.0565956342172
-0.0800000000001 -0.0140149720624 -0.0539185926276
-0.0700000000001 -0.0157499401114 -0.0514347993819
-0.0600000000001 -0.0172796559754 -0.0491158623009
-0.0500000000001 -0.0186398633317 -0.0469385203813
-0.0400000000001 -0.0198584643493 -0.0448834525677
-0.0300000000001 -0.020957576909 -0.0429344018287
-0.0200000000001 -0.0219549759553 -0.0410775180456
-0.0100000000001 -0.0228651250546 -0.0393008555594
-1.06581410364e-13 -0.0236999289944 -0.0375939815466
0.00999999999989 -0.0244692927199 -0.035947664475
0.0199999999999 -0.0251815435836 -0.0343536204401
0.0299999999999 -0.0258437558899 -0.0328043007849
0.0399999999999 -0.0264620050817 -0.0312927079971
0.0499999999999 -0.0270415713662 -0.0298122289861
0.0599999999999 -0.0275871077536 -0.0283564757316
0.0699999999999 -0.0281027846665 -0.0269191229853
0.0799999999999 -0.0285924221645 -0.0254937309743
0.0899999999999 -0.0290596215649 -0.0240735373091
0.0999999999999 -0.0295079115914 -0.022651195336
0.11 -0.0299409321034 -0.0212184235947
0.12 -0.0303626955522 -0.0197655080633
0.13 -0.0307780037754 -0.0182805555084
0.14 -0.0311931847764 -0.0167483108978
0.15 -0.0316175344043 -0.0151481759842
0.16 -0.0320664715293 -0.0134506922007
0.17 -0.0325694531224 -0.0116109972556
0.18 -0.0331936345061 -0.00955718951814
0.19 -0.0341297866554 -0.00718742782631
0.2 -0.0359187290988 -0.00464128451125
0.21 -0.0385406152929 -0.00300374706239
0.22 -0.0409018556658 -0.00226367150382
0.23 -0.0428733147082 -0.00186339282511
0.24 -0.0445657313078 -0.00160627275747
0.25 -0.0460568885376 -0.00142300977115
0.26 -0.0473955347373 -0.00128350659974
0.27 -0.0486136820417 -0.001172480176
0.28 -0.0497335251397 -0.00108126114197
0.29 -0.0507711761366 -0.00100451644193
0.3 -0.0517387754715 -0.000938757037626
0.31 -0.0526457510796 -0.000881587538279
0.32 -0.0534996072616 -0.000831298474184
0.33 -0.0543064403489 -0.000786630558154
0.34 -0.0550712882653 -0.000746631281006
0.35 -0.0557983750025 -0.000710563901814
0.36 -0.0564912862688 -0.000677847582396
0.37 -0.0571530986811 -0.00064801677971
0.38 -0.0577864767553 -0.000620692957855
0.39 -0.0583937470508 -0.000595564417535
0.4 -0.0589769557655 -0.000572371614824
0.41 -0.0595379141219 -0.000550896278259
0.42 -0.060078234592 -0.000530953208579
0.43 -0.0605993601472 -0.00051238400828
0.44 -0.0611025881244 -0.000495052222653
0.45 -0.0615890898846 -0.000478839528813
0.46 -0.0620599271471 -0.000463642713578
0.47 -0.0625160656689 -0.000449371252635
0.48 -0.0629583867842 -0.000435945353297
0.49 -0.0633876972052 -0.000423294358531
0.5 -0.0638047373959 -0.000411355435267
0.51 -0.0642101887692 -0.000400072488449
0.52 -0.0646046799046 -0.000389395255864
0.53 -0.0649887919468 -0.000379278548879
0.54 -0.0653630633138 -0.000369681611804
0.55 -0.065727993822 -0.000360567578372
0.56 -0.0660840483131 -0.000351903008227
0.57 -0.0664316598562 -0.000343657489737
0.58 -0.0667712325847 -0.000335803298083
0.59 -0.0671031442175 -0.000328315099687
0.6 -0.067427748307 -0.000321169695649
0.61 -0.0677453762494 -0.000314345798221
0.62 -0.0680563390871 -0.000307823835343
0.63 -0.0683609291297 -0.00030158577915
0.64 -0.0686594214147 -0.000295614995017
0.65 -0.0689520750271 -0.000289896108284
0.66 -0.0692391342945 -0.000284414886241
0.67 -0.0695208298717 -0.000279158133343
0.68 -0.0697973797264 -0.000274113597922
0.69 -0.0700689900381 -0.000269269888933
0.7 -0.0703358560172 -0.00026461640147
0.71 -0.0705981626558 -0.000260143249983
0.72 -0.0708560854134 -0.000255841208262
0.73 -0.0711097908475 -0.000251701655397
0.74 -0.0713594371924 -0.000247716527013
0.75 -0.0716051748915 -0.000243878271194
0.76 -0.0718471470886 -0.000240179808557
0.77 -0.0720854900804 -0.00023661449603
0.78 -0.0723203337357 -0.000233176093933
0.79 -0.0725518018818 -0.000229858736013
0.8 -0.072780012664 -0.000226656902123
0.81 -0.0730050788779 -0.000223565393275
0.82 -0.0732271082783 -0.000220579308826
0.83 -0.0734462038664 -0.000217694025593
0.84 -0.0736624641573 -0.00021490517869
0.85 -0.0738759834282 -0.000212208643949
0.86 -0.074086851951 -0.000209600521745
0.87 -0.074295156209 -0.000207077122116
0.88 -0.0745009790987 -0.000204634951047
0.89 -0.0747044001194 -0.000202270697817
0.9 -0.0749054955502 -0.000199981223313
0.91 -0.0751043386158 -0.000197763549222
0.92 -0.075300999642 -0.000195614848029
0.93 -0.0754955462015 -0.000193532433753
0.94 -0.075688043251 -0.000191513753347
0.95 -0.0758785532599 -0.000189556378726
0.96 -0.0760671363311 -0.000187657999347
0.97 -0.0762538503152 -0.000185816415321
0.98 -0.0764387509176 -0.000184029530988
0.99 -0.0766218917994 -0.000182295348944
1.0 -0.0768033246732 -0.000180611964463
1.01 -0.0769830993924 -0.000178977560295
1.02 -0.0771612640366 -0.000177390401809
1.03 -0.0773378649915 -0.000175848832449
1.04 -0.0775129470249 -0.000174351269493
1.05 -0.0776865533586 -0.00017289620007
1.06 -0.0778587257358 -0.000171482177445
1.07 -0.078029504486 -0.000170107817521
1.08 -0.0781989285853 -0.000168771795571
1.09 -0.0783670357147 -0.000167472843165
1.1 -0.0785338623145 -0.000166209745282
1.11 -0.0786994436365 -0.000164981337599
1.12 -0.0788638137933 -0.000163786503944
1.13 -0.079027005805 -0.000162624173892
1.14 -0.0791890516442 -0.00016149332051
1.15 -0.079349982278 -0.000160392958224
1.16 -0.0795098277082 -0.00015932214082
1.17 -0.0796686170103 -0.000158279959546
1.18 -0.0798263783692 -0.00015726554133
1.19 -0.0799831391147 -0.000156278047096
1.2 -0.0801389257542 -0.000155316670168
1.21 -0.0802937640045 -0.000154380634768
1.22 -0.0804476788222 -0.000153469194595
1.23 -0.0806006944317 -0.000152581631475
1.24 -0.0807528343537 -0.000151717254091
1.25 -0.0809041214305 -0.000150875396777
1.26 -0.0810545778517 -0.000150055418369
1.27 -0.0812042251777 -0.000149256701132
1.28 -0.0813530843629 -0.000148478649724
1.29 -0.0815011757776 -0.000147720690227
1.3 -0.0816485192284 -0.00014698226922
1.31 -0.081795133979 -0.000146262852902
1.32 -0.081941038769 -0.000145561926258
1.33 -0.0820862518321 -0.000144878992268
1.34 -0.082230790914 -0.000144213571149
1.35 -0.0823746732894 -0.000143565199646
1.36 -0.0825179157776 -0.000142933430345
1.37 -0.0826605347585 -0.000142317831024
1.38 -0.0828025461873 -0.00014171798404
1.39 -0.0829439656088 -0.000141133485738
1.4 -0.0830848081712 -0.000140563945889
1.41 -0.0832250886389 -0.00014000898716
1.42 -0.0833648214055 -0.000139468244601
1.43 -0.0835040205058 -0.000138941365162
1.44 -0.0836426996274 -0.000138428007226
1.45 -0.0837808721221 -0.000137927840172
1.46 -0.0839185510163 -0.000137440543947
1.47 -0.0840557490219 -0.000136965808667
1.48 -0.0841924785457 -0.00013650333423
1.49 -0.0843287516993 -0.000136052829945
1.5 -0.0844645803084 -0.000135614014187
1.51 -0.0845999759215 -0.000135186614052
1.52 -0.0847349498186 -0.000134770365041
1.53 -0.0848695130192 -0.000134365010749
1.54 -0.0850036762905 -0.000133970302572
1.55 -0.0851374501552 -0.000133585999423
1.56 -0.0852708448982 -0.000133211867461
1.57 -0.0854038705746 -0.000132847679835
1.58 -0.0855365370158 -0.000132493216433
1.59 -0.0856688538365 -0.000132148263644
1.6 -0.0858008304413 -0.000131812614134
1.61 -0.0859324760301 -0.00013148606662
1.62 -0.086063799605 -0.000131168425669
1.63 -0.0861948099753 -0.000130859501488
1.64 -0.0863255157633 -0.000130559109738
1.65 -0.0864559254097 -0.000130267071344
1.66 -0.086586047179 -0.000129983212318
1.67 -0.0867158891638 -0.000129707363591
1.68 -0.0868454592903 -0.000129439360843
1.69 -0.0869747653229 -0.000129179044349
1.7 -0.0871038148682 -0.000128926258828
1.71 -0.0872326153801 -0.000128680853293
1.72 -0.0873611741633 -0.000128442680916
1.73 -0.087489498378 -0.000128211598889
1.74 -0.0876175950435 -0.000127987468294
1.75 -0.0877454710421 -0.000127770153983
1.76 -0.0878731331228 -0.000127559524452
1.77 -0.088000587905 -0.000127355451728
1.78 -0.0881278418818 -0.000127157811258
1.79 -0.0882549014235 -0.000126966481802
1.8 -0.0883817727808 -0.000126781345326
1.81 -0.0885084620878 -0.000126602286906
1.82 -0.0886349753655 -0.000126429194634
1.83 -0.0887613185244 -0.000126261959519
1.84 -0.0888874973673 -0.000126100475402
1.85 -0.0890135175924 -0.000125944638872
1.86 -0.0891393847958 -0.000125794349177
1.87 -0.0892651044742 -0.000125649508151
1.88 -0.0893906820275 -0.000125510020132
1.89 -0.089516122761 -0.000125375791887
1.9 -0.089641431888 -0.000125246732546
1.91 -0.0897666145324 -0.000125122753526
1.92 -0.0898916757302 -0.000125003768467
1.93 -0.0900166204325 -0.000124889693167
1.94 -0.0901414535071 -0.000124780445522
1.95 -0.0902661797408 -0.00012467594546
1.96 -0.0903908038413 -0.000124576114886
1.97 -0.0905153304392 -0.000124480877629
1.98 -0.09063976409 -0.000124390159381
1.99 -0.0907641092756 -0.000124303887647
2.0 -0.0908883704065 -0.000124221991698
2.01 -0.0910125518232 -0.000124144402515
2.02 -0.0911366577982 -0.000124071052746
2.03 -0.0912606925373 -0.000124001876658
2.04 -0.0913846601815 -0.000123936810095
2.05 -0.0915085648084 -0.000123875790431
2.06 -0.0916324104336 -0.00012381875653
2.07 -0.0917562010126 -0.000123765648709
2.08 -0.0918799404416 -0.000123716408692
2.09 -0.0920036325595 -0.000123670979578
2.1 -0.0921272811489 -0.000123629305803
2.11 -0.0922508899373 -0.000123591333101
2.12 -0.0923744625989 -0.000123557008476
2.13 -0.0924980027554 -0.000123526280162
2.14 -0.0926215139772 -0.000123499097596
2.15 -0.092744999785 -0.000123475411383
2.16 -0.0928684636505 -0.000123455173269
2.17 -0.0929919089977 -0.000123438336108
2.18 -0.0931153392043 -0.000123424853837
2.19 -0.093238757602 -0.000123414681445
2.2 -0.0933621674784 -0.000123407774949
2.21 -0.0934855720775 -0.000123404091368
2.22 -0.0936089746007 -0.000123403588695
2.23 -0.0937323782082 -0.000123406225874
2.24 -0.0938557860192 -0.000123411962779
2.25 -0.0939792011135 -0.000123420760188
2.26 -0.094102626532 -0.000123432579758
2.27 -0.094226065278 -0.000123447384011
2.28 -0.0943495203173 -0.000123465136306
2.29 -0.0944729945798 -0.000123485800822
2.3 -0.0945964909598 -0.000123509342537
2.31 -0.0947200123171 -0.000123535727209
2.32 -0.0948435614776 -0.000123564921356
2.33 -0.0949671412342 -0.000123596892243
2.34 -0.0950907543471 -0.000123631607856
2.35 -0.0952144035453 -0.000123669036891
2.36 -0.0953380915266 -0.000123709148737
2.37 -0.0954618209584 -0.000123751913456
2.38 -0.0955855944789 -0.000123797301772
2.39 -0.0957094146969 -0.000123845285052
2.4 -0.0958332841933 -0.000123895835292
2.41 -0.0959572055209 -0.000123948925105
2.42 -0.0960811812058 -0.000124004527704
2.43 -0.0962052137474 -0.000124062616889
2.44 -0.0963293056192 -0.000124123167035
2.45 -0.0964534592694 -0.000124186153076
2.46 -0.0965776771215 -0.000124251550497
2.47 -0.0967019615746 -0.000124319335318
2.48 -0.0968263150041 -0.000124389484083
2.49 -0.0969507397623 -0.000124461973851
2.5 -0.0970752381789 -0.00012453678218
2.51 -0.0971998125611 -0.000124613887121
2.52 -0.0973244651947 -0.000124693267201
2.53 -0.0974491983441 -0.000124774901421
2.54 -0.097574014253 -0.000124858769239
2.55 -0.0976989151447 -0.000124944850563
2.56 -0.0978239032227 -0.00012503312574
2.57 -0.0979489806712 -0.00012512357555
2.58 -0.0980741496552 -0.000125216181192
2.59 -0.0981994123211 -0.000125310924279
2.6 -0.0983247707972 -0.000125407786827
2.61 -0.0984502271941 -0.00012550675125
2.62 -0.0985757836048 -0.000125607800347
2.63 -0.0987014421054 -0.000125710917297
2.64 -0.0988272047555 -0.000125816085651
2.65 -0.0989530735983 -0.000125923289325
2.66 -0.099079050661 -0.00012603251259
2.67 -0.0992051379553 -0.000126143740069
2.68 -0.099331337478 -0.000126256956724
2.69 -0.0994576512106 -0.000126372147856
2.7 -0.0995840811203 -0.000126489299094
2.71 -0.0997106291601 -0.000126608396389
2.72 -0.0998372972689 -0.000126729426009
2.73 -0.0999640873724 -0.000126852374532
2.74 -0.100091001383 -0.00012697722884
2.75 -0.100218041199 -0.000127103976112
2.76 -0.100345208708 -0.000127232603822
2.77 -0.100472505784 -0.000127363099729
2.78 -0.100599934289 -0.000127495451874
2.79 -0.100727496073 -0.000127629648574
2.8 -0.100855192975 -0.000127765678417
2.81 -0.100983026822 -0.000127903530257
2.82 -0.101110999432 -0.00012804319321
2.83 -0.101239112609 -0.000128184656646
2.84 -0.101367368148 -0.000128327910188
2.85 -0.101495767836 -0.000128472943706
2.86 -0.101624313446 -0.000128619747312
2.87 -0.101753006743 -0.000128768311356
2.88 -0.101881849485 -0.000128918626423
2.89 -0.102010843416 -0.000129070683325
2.9 -0.102139990274 -0.000129224473103
2.91 -0.102269291787 -0.000129379987016
2.92 -0.102398749676 -0.000129537216545
2.93 -0.102528365651 -0.000129696153382
2.94 -0.102658141416 -0.00012985678943
2.95 -0.102788078666 -0.000130019116799
2.96 -0.102918179088 -0.000130183127802
2.97 -0.103048444363 -0.000130348814953
2.98 -0.103178876162 -0.000130516170961
2.99 -0.103309476151 -0.000130685188729
3.0 -0.103440245988 -0.00013085586135
3.01 -0.103571187324 -0.000131028182103
3.02 -0.103702301805 -0.000131202144452
3.03 -0.103833591068 -0.000131377742042
3.04 -0.103965056746 -0.000131554968695
3.05 -0.104096700464 -0.000131733818409
3.06 -0.104228523844 -0.000131914285354
3.07 -0.104360528498 -0.00013209636387
3.08 -0.104492716036 -0.000132280048463
3.09 -0.104625088061 -0.000132465333806
3.1 -0.104757646172 -0.000132652214731
3.11 -0.10489039196 -0.000132840686232
3.12 -0.105023327016 -0.000133030743458
3.13 -0.10515645292 -0.000133222381713
3.14 -0.105289771253 -0.000133415596456
3.15 -0.105423283589 -0.000133610383293
3.16 -0.105556991497 -0.00013380673798
3.17 -0.105690896544 -0.000134004656418
3.18 -0.10582500029 -0.000134204134652
3.19 -0.105959304294 -0.000134405168869
3.2 -0.106093810111 -0.000134607755395
3.21 -0.106228519289 -0.000134811890696
3.22 -0.106363433377 -0.000135017571371
3.23 -0.106498553918 -0.000135224794154
3.24 -0.106633882452 -0.000135433555913
3.25 -0.106769420518 -0.000135643853644
3.26 -0.106905169648 -0.000135855684474
3.27 -0.107041131376 -0.000136069045654
3.28 -0.10717730723 -0.000136283934564
3.29 -0.107313698737 -0.000136500348705
3.3 -0.10745030742 -0.000136718285702
3.31 -0.107587134802 -0.000136937743299
3.32 -0.107724182401 -0.00013715871936
3.33 -0.107861451735 -0.000137381211868
3.34 -0.107998944319 -0.000137605218919
3.35 -0.108136661668 -0.000137830738727
3.36 -0.108274605293 -0.000138057769618
3.37 -0.108412776704 -0.00013828631003
3.38 -0.108551177411 -0.000138516358513
3.39 -0.108689808919 -0.000138747913724
3.4 -0.108828672736 -0.000138980974432
3.41 -0.108967770367 -0.000139215539509
3.42 -0.109107103314 -0.000139451607936
3.43 -0.109246673082 -0.000139689178798
3.44 -0.109386481171 -0.000139928251283
3.45 -0.109526529084 -0.000140168824682
3.46 -0.10966681832 -0.000140410898386
3.47 -0.109807350381 -0.000140654471888
3.48 -0.109948126764 -0.000140899544781
3.49 -0.110089148971 -0.000141146116755
3.5 -0.110230418498 -0.000141394187596
3.51 -0.110371936846 -0.000141643757189
3.52 -0.110513705513 -0.000141894825514
3.53 -0.110655725998 -0.000142147392644
3.54 -0.110797999799 -0.000142401458747
3.55 -0.110940528415 -0.000142657024083
3.56 -0.111083313347 -0.000142914089006
3.57 -0.111226356093 -0.000143172653958
3.58 -0.111369658155 -0.000143432719474
3.59 -0.111513221032 -0.000143694286177
3.6 -0.111657046226 -0.00014395735478
3.61 -0.11180113524 -0.000144221926083
3.62 -0.111945489577 -0.000144488000974
3.63 -0.112090110741 -0.000144755580427
3.64 -0.112235000236 -0.000145024665502
3.65 -0.11238015957 -0.000145295257347
3.66 -0.112525590248 -0.00014556735719
3.67 -0.112671293781 -0.000145840966347
3.68 -0.112817271677 -0.000146116086216
3.69 -0.112963525449 -0.000146392718276
3.7 -0.113110056609 -0.000146670864092
3.71 -0.113256866672 -0.000146950525308
3.72 -0.113403957154 -0.00014723170365
3.73 -0.113551329573 -0.000147514400923
3.74 -0.113698985449 -0.000147798619016
3.75 -0.113846926304 -0.000148084359894
3.76 -0.113995153661 -0.000148371625603
3.77 -0.114143669046 -0.000148660418266
3.78 -0.114292473987 -0.000148950740085
3.79 -0.114441570016 -0.000149242593342
3.8 -0.114590958663 -0.000149535980392
3.81 -0.114740641464 -0.000149830903671
3.82 -0.114890619957 -0.000150127365689
3.83 -0.115040895682 -0.000150425369034
3.84 -0.115191470181 -0.000150724916367
3.85 -0.115342344999 -0.000151026010427
3.86 -0.115493521685 -0.000151328654028
3.87 -0.11564500179 -0.000151632850057
3.88 -0.115796786867 -0.000151938601477
3.89 -0.115948878473 -0.000152245911324
3.9 -0.116101278169 -0.000152554782709
3.91 -0.116253987517 -0.000152865218815
3.92 -0.116407008084 -0.000153177222901
3.93 -0.116560341439 -0.000153490798295
3.94 -0.116713989155 -0.000153805948402
3.95 -0.11686795281 -0.000154122676696
3.96 -0.117022233982 -0.000154440986725
3.97 -0.117176834255 -0.000154760882109
3.98 -0.117331755216 -0.00015508236654
3.99 -0.117486998457 -0.000155405443782
4.0 -0.117642565571 -0.000155730117668
4.01 -0.117798458159 -0.000156056392106
4.02 -0.117954677821 -0.000156384271072
4.03 -0.118111226165 -0.000156713758615
4.04 -0.1182681048 -0.000157044858855
4.05 -0.118425315343 -0.000157377575981
4.06 -0.118582859412 -0.000157711914254
4.07 -0.11874073863 -0.000158047878005
4.08 -0.118898954625 -0.000158385471635
4.09 -0.119057509028 -0.000158724699616
4.1 -0.119216403478 -0.000159065566491
4.11 -0.119375639614 -0.000159408076871
4.12 -0.119535219082 -0.000159752235439
4.13 -0.119695143533 -0.000160098046946
4.14 -0.119855414623 -0.000160445516215
4.15 -0.120016034012 -0.000160794648138
4.16 -0.120177003364 -0.000161145447677
4.17 -0.120338324349 -0.000161497919863
4.18 -0.120499998644 -0.000161852069799
4.19 -0.120662027928 -0.000162207902657
4.2 -0.120824413887 -0.000162565423676
4.21 -0.120987158211 -0.00016292463817
4.22 -0.121150262597 -0.000163285551518
4.23 -0.121313728746 -0.000163648169173
4.24 -0.121477558365 -0.000164012496654
4.25 -0.121641753167 -0.000164378539554
4.26 -0.121806314871 -0.000164746303533
4.27 -0.121971245199 -0.000165115794323
4.28 -0.122136545882 -0.000165487017725
4.29 -0.122302218655 -0.00016585997961
4.3 -0.122468265259 -0.000166234685922
4.31 -0.122634687443 -0.000166611142671
4.32 -0.122801486959 -0.000166989355942
4.33 -0.122968665567 -0.000167369331887
4.34 -0.123136225033 -0.000167751076732
4.35 -0.123304167129 -0.000168134596772
4.36 -0.123472493633 -0.000168519898373
4.37 -0.12364120633 -0.000168906987973
4.38 -0.123810307011 -0.00016929587208
4.39 -0.123979797474 -0.000169686557275
4.4 -0.124149679523 -0.00017007905021
4.41 -0.124319954969 -0.000170473357609
4.42 -0.124490625631 -0.000170869486266
4.43 -0.124661693332 -0.000171267443052
4.44 -0.124833159905 -0.000171667234904
4.45 -0.125005027188 -0.000172068868837
4.46 -0.125177297027 -0.000172472351935
4.47 -0.125349971273 -0.000172877691358
4.48 -0.125523051788 -0.000173284894337
4.49 -0.125696540438 -0.000173693968178
4.5 -0.125870439098 -0.000174104920258
4.51 -0.12604474965 -0.000174517758031
4.52 -0.126219473983 -0.000174932489024
4.53 -0.126394613995 -0.000175349120837
4.54 -0.126570171589 -0.000175767661148
4.55 -0.126746148678 -0.000176188117706
4.56 -0.126922547183 -0.000176610498338
4.57 -0.127099369031 -0.000177034810945
4.58 -0.127276616158 -0.000177461063505
4.59 -0.127454290509 -0.000177889264072
4.6 -0.127632394034 -0.000178319420775
4.61 -0.127810928695 -0.000178751541821
4.62 -0.12798989646 -0.000179185635493
4.63 -0.128169299306 -0.000179621710154
4.64 -0.128349139218 -0.000180059774241
4.65 -0.128529418189 -0.000180499836272
4.66 -0.128710138221 -0.000180941904841
4.67 -0.128891301326 -0.000181385988624
4.68 -0.129072909524 -0.000181832096373
4.69 -0.129254964842 -0.00018228023692
4.7 -0.129437469317 -0.000182730419179
4.71 -0.129620424996 -0.000183182652143
4.72 -0.129803833935 -0.000183636944884
4.73 -0.129987698196 -0.000184093306558
4.74 -0.130172019855 -0.000184551746401
4.75 -0.130356800993 -0.000185012273731
4.76 -0.130542043704 -0.000185474897948
4.77 -0.130727750087 -0.000185939628535
4.78 -0.130913922255 -0.000186406475058
4.79 -0.131100562329 -0.000186875447169
4.8 -0.131287672438 -0.0001873465546
4.81 -0.131475254723 -0.00018781980717
4.82 -0.131663311334 -0.000188295214783
4.83 -0.131851844431 -0.000188772787429
4.84 -0.132040856184 -0.000189252535182
4.85 -0.132230348773 -0.000189734468204
4.86 -0.132420324388 -0.000190218596744
4.87 -0.132610785231 -0.000190704931138
4.88 -0.132801733512 -0.00019119348181
4.89 -0.132993171452 -0.000191684259272
4.9 -0.133185101285 -0.000192177274128
4.91 -0.133377525251 -0.000192672537067
4.92 -0.133570445606 -0.000193170058872
4.93 -0.133763864612 -0.000193669850415
4.94 -0.133957784546 -0.00019417192266
4.95 -0.134152207694 -0.000194676286661
4.96 -0.134347136352 -0.000195182953566
4.97 -0.134542572829 -0.000195691934617
4.98 -0.134738519446 -0.000196203241148
4.99 -0.134934978533 -0.000196716884588
5.0 -0.135131952432 -0.000197232876459
5.01 -0.135329443499 -0.000197751228382
5.02 -0.135527454099 -0.00019827195207
5.03 -0.135725986609 -0.000198795059336
5.04 -0.135925043419 -0.000199320562089
5.05 -0.13612462693 -0.000199848472335
5.06 -0.136324739557 -0.000200378802181
5.07 -0.136525383724 -0.000200911563832
5.08 -0.13672656187 -0.000201446769592
5.09 -0.136928276444 -0.000201984431869
5.1 -0.13713052991 -0.000202524563168
5.11 -0.137333324743 -0.0002030671761
5.12 -0.137536663431 -0.000203612283377
5.13 -0.137740548475 -0.000204159897815
5.14 -0.137944982387 -0.000204710032334
5.15 -0.138149967695 -0.000205262699958
5.16 -0.138355506938 -0.000205817913821
5.17 -0.138561602669 -0.000206375687158
5.18 -0.138768257455 -0.000206936033315
5.19 -0.138975473874 -0.000207498965745
5.2 -0.13918325452 -0.00020806449801
5.21 -0.139391601999 -0.000208632643782
5.22 -0.139600518931 -0.000209203416844
5.23 -0.139810007952 -0.000209776831088
5.24 -0.140020071708 -0.000210352900522
5.25 -0.140230712863 -0.000210931639263
5.26 -0.140441934092 -0.000211513061546
5.27 -0.140653738087 -0.000212097181716
5.28 -0.140866127552 -0.000212684014239
5.29 -0.141079105206 -0.000213273573692
5.3 -0.141292673785 -0.000213865874775
5.31 -0.141506836037 -0.000214460932301
5.32 -0.141721594726 -0.000215058761207
5.33 -0.141936952631 -0.000215659376546
5.34 -0.142152912545 -0.000216262793495
5.35 -0.142369477279 -0.000216869027352
5.36 -0.142586649656 -0.000217478093538
5.37 -0.142804432517 -0.000218090007598
5.38 -0.143022828716 -0.000218704785202
5.39 -0.143241841127 -0.000219322442146
5.4 -0.143461472636 -0.000219942994354
5.41 -0.143681726145 -0.000220566457875
5.42 -0.143902604576 -0.000221192848891
5.43 -0.144124110862 -0.000221822183711
5.44 -0.144346247956 -0.000222454478776
5.45 -0.144569018827 -0.00022308975066
5.46 -0.14479242646 -0.00022372801607
5.47 -0.145016473856 -0.000224369291847
5.48 -0.145241164034 -0.000225013594966
5.49 -0.145466500031 -0.000225660942542
5.5 -0.145692484899 -0.000226311351825
5.51 -0.145919121708 -0.000226964840204
5.52 -0.146146413547 -0.00022762142521
5.53 -0.14637436352 -0.000228281124514
5.54 -0.146602974752 -0.000228943955928
5.55 -0.146832250382 -0.00022960993741
5.56 -0.147062193571 -0.000230279087061
5.57 -0.147292807494 -0.000230951423129
5.58 -0.147524095349 -0.00023162696401
5.59 -0.147756060348 -0.000232305728245
5.6 -0.147988705724 -0.00023298773453
5.61 -0.14822203473 -0.000233673001707
5.62 -0.148456050635 -0.000234361548774
5.63 -0.148690756728 -0.000235053394882
5.64 -0.148926156318 -0.000235748559334
5.65 -0.149162252734 -0.000236447061595
5.66 -0.149399049322 -0.000237148921282
5.67 -0.149636549451 -0.000237854158174
5.68 -0.149874756506 -0.000238562792211
5.69 -0.150113673896 -0.000239274843493
5.7 -0.150353305047 -0.000239990332285
5.71 -0.150593653408 -0.000240709279016
5.72 -0.150834722446 -0.00024143170428
5.73 -0.15107651565 -0.000242157628841
5.74 -0.15131903653 -0.000242887073631
5.75 -0.151562288617 -0.000243620059753
5.76 -0.151806275462 -0.000244356608481
5.77 -0.152051000639 -0.000245096741264
5.78 -0.152296467743 -0.000245840479727
5.79 -0.152542680389 -0.000246587845671
5.8 -0.152789642217 -0.000247338861074
5.81 -0.153037356888 -0.000248093548096
5.82 -0.153285828082 -0.000248851929079
5.83 -0.153535059507 -0.000249614026547
5.84 -0.153785054889 -0.000250379863211
5.85 -0.154035817979 -0.000251149461965
5.86 -0.154287352551 -0.000251922845896
5.87 -0.154539662401 -0.000252700038279
5.88 -0.15479275135 -0.00025348106258
5.89 -0.155046623241 -0.00025426594246
5.9 -0.155301281942 -0.000255054701777
5.91 -0.155556731344 -0.000255847364582
5.92 -0.155812975362 -0.00025664395513
5.93 -0.156070017937 -0.000257444497874
5.94 -0.156327863032 -0.00025824901747
5.95 -0.156586514638 -0.000259057538781
5.96 -0.156845976767 -0.000259870086873
5.97 -0.157106253461 -0.000260686687025
5.98 -0.157367348782 -0.000261507364724
5.99 -0.157629266822 -0.000262332145669
6.0 -0.157892011697 -0.000263161055775
6.01 -0.158155587549 -0.000263994121174
6.02 -0.158419998546 -0.000264831368216
6.03 -0.158685248882 -0.000265672823471
6.04 -0.158951342781 -0.000266518513733
6.05 -0.159218284489 -0.000267368466021
6.06 -0.159486078283 -0.000268222707581
6.07 -0.159754728465 -0.000269081265888
6.08 -0.160024239367 -0.000269944168649
6.09 -0.160294615345 -0.000270811443805
6.1 -0.160565860787 -0.000271683119533
6.11 -0.160837980108 -0.000272559224247
6.12 -0.16111097775 -0.000273439786604
6.13 -0.161384858186 -0.000274324835503
6.14 -0.161659625916 -0.000275214400088
6.15 -0.161935285471 -0.000276108509751
6.16 -0.16221184141 -0.000277007194134
6.17 -0.162489298324 -0.000277910483133
6.18 -0.162767660832 -0.000278818406897
6.19 -0.163046933583 -0.000279730995835
6.2 -0.163327121258 -0.000280648280614
6.21 -0.163608228568 -0.000281570292166
6.22 -0.163890260256 -0.000282497061687
6.23 -0.164173221095 -0.000283428620641
6.24 -0.164457115891 -0.000284365000763
6.25 -0.164741949479 -0.000285306234062
6.26 -0.16502772673 -0.000286252352823
6.27 -0.165314452545 -0.000287203389609
6.28 -0.165602131859 -0.000288159377266
6.29 -0.165890769639 -0.000289120348923
6.3 -0.166180370884 -0.000290086337997
6.31 -0.166470940631 -0.000291057378198
6.32 -0.166762483946 -0.000292033503524
6.33 -0.167055005931 -0.000293014748275
6.34 -0.167348511724 -0.000294001147046
6.35 -0.167643006496 -0.000294992734735
6.36 -0.167938495452 -0.000295989546548
6.37 -0.168234983836 -0.000296991617997
6.38 -0.168532476923 -0.000297998984906
6.39 -0.168830980028 -0.000299011683415
6.4 -0.169130498501 -0.000300029749981
6.41 -0.169431037726 -0.000301053221383
6.42 -0.169732603129 -0.000302082134724
6.43 -0.170035200169 -0.000303116527436
6.44 -0.170338834345 -0.000304156437283
6.45 -0.170643511192 -0.000305201902361
6.46 -0.170949236285 -0.000306252961109
6.47 -0.171256015237 -0.000307309652303
6.48 -0.171563853699 -0.000308372015069
6.49 -0.171872757363 -0.000309440088879
6.5 -0.17218273196 -0.000310513913559
6.51 -0.17249378326 -0.000311593529292
6.52 -0.172805917075 -0.000312678976619
6.53 -0.173119139256 -0.000313770296449
6.54 -0.173433455696 -0.000314867530056
6.55 -0.173748872331 -0.000315970719086
6.56 -0.174065395135 -0.000317079905562
6.57 -0.174383030128 -0.000318195131886
6.58 -0.174701783371 -0.000319316440843
6.59 -0.175021660968 -0.000320443875608
6.6 -0.175342669066 -0.000321577479747
6.61 -0.175664813857 -0.000322717297222
6.62 -0.175988101575 -0.000323863372395
6.63 -0.1763125385 -0.000325015750034
6.64 -0.176638130959 -0.000326174475317
6.65 -0.17696488532 -0.000327339593834
6.66 -0.177292808 -0.000328511151593
6.67 -0.177621905461 -0.000329689195026
6.68 -0.177952184212 -0.000330873770991
6.69 -0.17828365081 -0.000332064926779
6.7 -0.178616311857 -0.000333262710118
6.71 -0.178950174005 -0.000334467169175
6.72 -0.179285243954 -0.000335678352566
6.73 -0.179621528452 -0.000336896309357
6.74 -0.179959034298 -0.000338121089069
6.75 -0.180297768339 -0.000339352741687
6.76 -0.180637737474 -0.000340591317659
6.77 -0.18097894865 -0.000341836867906
6.78 -0.181321408867 -0.000343089443827
6.79 -0.181665125178 -0.000344349097301
6.8 -0.182010104685 -0.000345615880694
6.81 -0.182356354545 -0.000346889846866
6.82 -0.182703881967 -0.000348171049175
6.83 -0.183052694213 -0.000349459541482
6.84 -0.183402798602 -0.000350755378159
6.85 -0.183754202503 -0.000352058614091
6.86 -0.184106913345 -0.000353369304687
6.87 -0.184460938609 -0.00035468750588
6.88 -0.184816285834 -0.000356013274137
6.89 -0.185172962616 -0.000357346666465
6.9 -0.185530976607 -0.000358687740414
6.91 -0.185890335517 -0.000360036554087
6.92 -0.186251047115 -0.000361393166143
6.93 -0.18661311923 -0.000362757635806
6.94 -0.186976559748 -0.00036413002287
6.95 -0.187341376616 -0.000365510387706
6.96 -0.187707577843 -0.000366898791269
6.97 -0.188075171499 -0.000368295295101
6.98 -0.188444165713 -0.000369699961346
6.99 -0.18881456868 -0.00037111285275
7.0 -0.189186388655 -0.000372534032667
7.01 -0.189559633961 -0.000373963565074
7.02 -0.18993431298 -0.00037540151457
7.03 -0.190310434162 -0.000376847946387
7.04 -0.190688006023 -0.000378302926398
7.05 -0.191067037143 -0.000379766521122
7.06 -0.191447536171 -0.000381238797734
7.07 -0.191829511822 -0.000382719824072
7.08 -0.19221297288 -0.000384209668642
7.09 -0.192597928197 -0.000385708400632
7.1 -0.192984386695 -0.000387216089915
7.11 -0.193372357367 -0.000388732807057
7.12 -0.193761849276 -0.000390258623329
7.13 -0.194152871557 -0.000391793610712
7.14 -0.194545433416 -0.000393337841907
7.15 -0.194939544135 -0.000394891390344
7.16 -0.195335213067 -0.000396454330188
7.17 -0.19573244964 -0.000398026736352
7.18 -0.196131263359 -0.000399608684503
7.19 -0.196531663803 -0.000401200251071
7.2 -0.196933660629 -0.00040280151326
7.21 -0.197337263571 -0.000404412549056
7.22 -0.197742482443 -0.000406033437238
7.23 -0.198149327135 -0.000407664257386
7.24 -0.19855780762 -0.00040930508989
7.25 -0.19896793395 -0.000410956015963
7.26 -0.19937971626 -0.000412617117648
7.27 -0.199793164766 -0.00041428847783
7.28 -0.200208289768 -0.000415970180247
7.29 -0.200625101651 -0.000417662309496
7.3 -0.201043610883 -0.00041936495105
7.31 -0.20146382802 -0.000421078191264
7.32 -0.201885763703 -0.000422802117388
7.33 -0.202309428663 -0.000424536817578
7.34 -0.202734833717 -0.000426282380905
7.35 -0.203161989774 -0.000428038897372
7.36 -0.203590907831 -0.000429806457919
7.37 -0.204021598977 -0.000431585154438
7.38 -0.204454074396 -0.000433375079786
7.39 -0.204888345363 -0.000435176327794
7.4 -0.205324423246 -0.000436988993282
7.41 -0.205762319511 -0.00043881317207
7.42 -0.20620204572 -0.000440648960992
7.43 -0.206643613531 -0.000442496457907
7.44 -0.2070870347 -0.000444355761713
7.45 -0.207532321085 -0.000446226972361
7.46 -0.207979484642 -0.000448110190867
7.47 -0.20842853743 -0.000450005519325
7.48 -0.208879491609 -0.000451913060925
7.49 -0.209332359446 -0.000453832919962
7.5 -0.209787153308 -0.000455765201853
7.51 -0.210243885673 -0.000457710013149
7.52 -0.210702569122 -0.000459667461554
7.53 -0.211163216347 -0.000461637655936
7.54 -0.211625840149 -0.000463620706343
7.55 -0.212090453437 -0.000465616724021
7.56 -0.212557069237 -0.000467625821425
7.57 -0.213025700682 -0.000469648112237
7.58 -0.213496361025 -0.000471683711385
7.59 -0.21396906363 -0.000473732735054
7.6 -0.214443821981 -0.000475795300705
7.61 -0.214920649678 -0.000477871527095
7.62 -0.215399560441 -0.000479961534287
7.63 -0.215880568112 -0.000482065443675
7.64 -0.216363686653 -0.000484183377994
7.65 -0.216848930152 -0.000486315461347
7.66 -0.217336312818 -0.000488461819212
7.67 -0.217825848989 -0.000490622578472
7.68 -0.218317553131 -0.000492797867425
7.69 -0.218811439838 -0.000494987815806
7.7 -0.219307523833 -0.000497192554808
7.71 -0.219805819973 -0.0004994122171
7.72 -0.220306343247 -0.000501646936845
7.73 -0.220809108782 -0.000503896849726
7.74 -0.221314131837 -0.00050616209296
7.75 -0.221821427811 -0.000508442805322
7.76 -0.222331012244 -0.000510739127167
7.77 -0.222842900815 -0.000513051200451
7.78 -0.223357109346 -0.000515379168752
7.79 -0.223873653805 -0.00051772317729
7.8 -0.224392550305 -0.000520083372958
7.81 -0.224913815106 -0.000522459904335
7.82 -0.225437464618 -0.000524852921715
7.83 -0.225963515403 -0.000527262577129
7.84 -0.226491984175 -0.000529689024372
7.85 -0.227022887802 -0.000532132419022
7.86 -0.227556243311 -0.000534592918469
7.87 -0.228092067884 -0.00053707068194
7.88 -0.228630378866 -0.000539565870525
7.89 -0.229171193763 -0.0005420786472
7.9 -0.229714530243 -0.000544609176856
7.91 -0.230260406143 -0.000547157626328
7.92 -0.230808839466 -0.000549724164418
7.93 -0.231359848385 -0.000552308961927
7.94 -0.231913451245 -0.000554912191681
7.95 -0.232469666566 -0.00055753402856
7.96 -0.233028513041 -0.000560174649528
7.97 -0.233590009544 -0.000562834233662
7.98 -0.234154175127 -0.000565512962186
7.99 -0.234721029025 -0.000568211018495
8.0 -0.235290590659 -0.000570928588192
8.01 -0.235862879634 -0.000573665859118
8.02 -0.236437915746 -0.000576423021385
8.03 -0.237015718982 -0.000579200267408
8.04 -0.237596309521 -0.000581997791939
8.05 -0.23817970774 -0.0005848157921
8.06 -0.238765934214 -0.00058765446742
8.07 -0.239355009716 -0.00059051401987
8.08 -0.239946955226 -0.000593394653897
8.09 -0.240541791927 -0.000596296576461
8.1 -0.241139541213 -0.000599219997073
8.11 -0.241740224684 -0.000602165127833
8.12 -0.24234386416 -0.000605132183468
8.13 -0.24295048167 -0.000608121381369
8.14 -0.243560099468 -0.000611132941636
8.15 -0.244172740025 -0.000614167087113
8.16 -0.244788426038 -0.00061722404343
8.17 -0.245407180432 -0.000620304039051
8.18 -0.246029026359 -0.000623407305307
8.19 -0.246653987207 -0.000626534076448
8.2 -0.247282086598 -0.000629684589682
8.21 -0.247913348392 -0.000632859085221
8.22 -0.248547796693 -0.000636057806328
8.23 -0.249185455847 -0.000639280999362
8.24 -0.24982635045 -0.000642528913829
8.25 -0.25047050535 -0.000645801802423
8.26 -0.251117945645 -0.000649099921083
8.27 -0.251768696695 -0.000652423529038
8.28 -0.252422784119 -0.000655772888862
8.29 -0.2530802338 -0.000659148266518
8.3 -0.253741071889 -0.000662549931421
8.31 -0.254405324809 -0.000665978156485
8.32 -0.255073019256 -0.000669433218178
8.33 -0.255744182206 -0.000672915396583
8.34 -0.256418840915 -0.000676424975446
8.35 -0.257097022927 -0.000679962242242
8.36 -0.257778756073 -0.00068352748823
8.37 -0.258464068478 -0.000687121008512
8.38 -0.259152988565 -0.000690743102096
8.39 -0.259845545056 -0.000694394071959
8.4 -0.260541766981 -0.000698074225106
8.41 -0.261241683675 -0.000701783872639
8.42 -0.261945324789 -0.000705523329822
8.43 -0.262652720291 -0.000709292916145
8.44 -0.26336390047 -0.000713092955395
8.45 -0.264078895941 -0.000716923775725
8.46 -0.264797737649 -0.000720785709723
8.47 -0.265520456876 -0.000724679094487
8.48 -0.26624708524 -0.000728604271698
8.49 -0.266977654706 -0.000732561587691
8.5 -0.267712197585 -0.000736551393537
8.51 -0.268450746544 -0.000740574045116
8.52 -0.269193334606 -0.000744629903201
8.53 -0.269939995159 -0.000748719333533
8.54 -0.270690761958 -0.00075284270691
8.55 -0.271445669133 -0.000757000399265
8.56 -0.27220475119 -0.000761192791756
8.57 -0.27296804302 -0.000765420270852
8.58 -0.273735579904 -0.00076968322842
8.59 -0.274507397518 -0.000773982061817
8.6 -0.275283531935 -0.000778317173985
8.61 -0.276064019636 -0.000782688973543
8.62 -0.276848897514 -0.000787097874881
8.63 -0.277638202878 -0.000791544298264
8.64 -0.27843197346 -0.000796028669926
8.65 -0.279230247423 -0.000800551422176
8.66 -0.280033063364 -0.000805112993502
8.67 -0.280840460322 -0.000809713828674
8.68 -0.281652477782 -0.000814354378856
8.69 -0.282469155688 -0.000819035101714
8.7 -0.283290534439 -0.000823756461531
8.71 -0.284116654907 -0.000828518929321
8.72 -0.284947558435 -0.000833322982944
8.73 -0.285783286849 -0.000838169107231
8.74 -0.286623882461 -0.000843057794103
8.75 -0.287469388082 -0.000847989542693
8.76 -0.288319847023 -0.000852964859481
8.77 -0.289175303106 -0.000857984258415
8.78 -0.290035800671 -0.000863048261053
8.79 -0.290901384583 -0.000868157396689
8.8 -0.29177210024 -0.000873312202497
8.81 -0.292647993582 -0.000878513223674
8.82 -0.293529111097 -0.000883761013576
8.83 -0.294415499832 -0.000889056133874
8.84 -0.295307207397 -0.000894399154698
8.85 -0.29620428198 -0.000899790654794
8.86 -0.29710677235 -0.000905231221678
8.87 -0.298014727868 -0.0009107214518
8.88 -0.298928198497 -0.0009162619507
8.89 -0.299847234807 -0.000921853333184
8.9 -0.300771887993 -0.000927496223489
8.91 -0.301702209873 -0.000933191255457
8.92 -0.302638252907 -0.000938939072715
8.93 -0.303580070204 -0.000944740328855
8.94 -0.30452771553 -0.000950595687621
8.95 -0.305481243319 -0.000956505823101
8.96 -0.306440708688 -0.000962471419914
8.97 -0.307406167439 -0.000968493173415
8.98 -0.308377676079 -0.000974571789894
8.99 -0.309355291824 -0.000980707986787
9.0 -0.310339072615 -0.000986902492879
9.01 -0.311329077125 -0.000993156048532
9.02 -0.312325364777 -0.000999469405895
9.03 -0.313327995747 -0.00100584332914
9.04 -0.314337030986 -0.00101227859468
9.05 -0.315352532225 -0.00101877599143
9.06 -0.31637456199 -0.00102533632101
9.07 -0.317403183616 -0.00103196039804
9.08 -0.318438461259 -0.00103864905034
9.09 -0.31948045991 -0.00104540311923
9.1 -0.320529245406 -0.00105222345979
9.11 -0.321584884447 -0.0010591109411
9.12 -0.322647444611 -0.00106606644656
9.13 -0.323716994365 -0.00107309087413
9.14 -0.32479360308 -0.00108018513665
9.15 -0.325877341049 -0.00108735016213
9.16 -0.3269682795 -0.00109458689405
9.17 -0.328066490613 -0.00110189629165
9.18 -0.329172047535 -0.00110927933031
9.19 -0.330285024394 -0.00111673700179
9.2 -0.331405496322 -0.00112427031464
9.21 -0.332533539466 -0.00113188029449
9.22 -0.333669231006 -0.00113956798442
9.23 -0.334812649176 -0.00114733444531
9.24 -0.335963873278 -0.00115518075623
9.25 -0.337122983704 -0.00116310801476
9.26 -0.338290061951 -0.00117111733745
9.27 -0.339465190643 -0.00117920986013
9.28 -0.34064845355 -0.00118738673839
9.29 -0.341839935607 -0.00119564914792
9.3 -0.343039722935 -0.001203998285
9.31 -0.34424790286 -0.0012124353669
9.32 -0.345464563938 -0.00122096163229
9.33 -0.346689795974 -0.00122957834178
9.34 -0.347923690043 -0.0012382867783
9.35 -0.349166338517 -0.00124708824762
9.36 -0.350417835082 -0.00125598407884
9.37 -0.351678274767 -0.00126497562489
9.38 -0.352947753965 -0.00127406426301
9.39 -0.354226370459 -0.00128325139534
9.4 -0.355514223446 -0.0012925384494
9.41 -0.356811413563 -0.00130192687869
9.42 -0.358118042915 -0.00131141816322
9.43 -0.359434215099 -0.00132101381014
9.44 -0.360760035233 -0.00133071535427
9.45 -0.362095609984 -0.00134052435879
9.46 -0.363441047596 -0.00135044241583
9.47 -0.364796457921 -0.00136047114709
9.48 -0.366161952445 -0.00137061220456
9.49 -0.367537644323 -0.00138086727118
9.5 -0.368923648409 -0.0013912380615
9.51 -0.370320081286 -0.00140172632245
9.52 -0.3717270613 -0.00141233383404
9.53 -0.373144708595 -0.00142306241013
9.54 -0.374573145146 -0.00143391389922
9.55 -0.376012494791 -0.00144489018521
9.56 -0.377462883273 -0.00145599318824
9.57 -0.378924438272 -0.00146722486552
9.58 -0.380397289443 -0.00147858721223
9.59 -0.381881568457 -0.00149008226232
9.6 -0.383377409037 -0.00150171208953
9.61 -0.384884947001 -0.00151347880824
9.62 -0.3864043203 -0.00152538457446
9.63 -0.387935669063 -0.00153743158682
9.64 -0.389479135639 -0.0015496220876
9.65 -0.391034864641 -0.00156195836373
9.66 -0.392603002992 -0.00157444274791
9.67 -0.394183699969 -0.00158707761968
9.68 -0.395777107254 -0.00159986540656
9.69 -0.39738337898 -0.00161280858524
9.7 -0.399002671779 -0.00162590968273
9.71 -0.40063514484 -0.00163917127765
9.72 -0.402280959952 -0.00165259600146
9.73 -0.403940281565 -0.00166618653977
9.74 -0.40561327684 -0.00167994563372
9.75 -0.407300115708 -0.00169387608128
9.76 -0.409000970926 -0.00170798073877
9.77 -0.410716018137 -0.00172226252227
9.78 -0.412445435929 -0.0017367244091
9.79 -0.4141894059 -0.00175136943945
9.8 -0.415948112718 -0.00176620071792
9.81 -0.417721744189 -0.00178122141516
9.82 -0.419510491322 -0.00179643476962
9.83 -0.421314548399 -0.00181184408922
9.84 -0.423134113044 -0.00182745275322
9.85 -0.424969386298 -0.00184326421402
9.86 -0.426820572689 -0.0018592819991
9.87 -0.428687880311 -0.00187550971296
9.88 -0.430571520902 -0.00189195103917
9.89 -0.432471709921 -0.00190860974247
9.9 -0.434388666635 -0.00192548967089
9.91 -0.4363226142 -0.00194259475799
9.92 -0.438273779748 -0.00195992902516
9.93 -0.440242394476 -0.00197749658397
9.94 -0.44222869374 -0.00199530163862
9.95 -0.444232917144 -0.00201334848844
9.96 -0.446255308642 -0.0020316415305
9.97 -0.448296116631 -0.00205018526228
9.98 -0.450355594058 -0.00206898428443
9.99 -0.452433998522 -0.00208804330364
10.0 -0.454531592382 -0.00210736713556
10.01 -0.456648642867 -0.00212696070788
10.02 -0.45878542219 -0.00214682906342
10.03 -0.460942207665 -0.00216697736343
10.04 -0.463119281827 -0.00218741089089
10.05 -0.465316932554 -0.00220813505402
10.06 -0.467535453196 -0.00222915538982
10.07 -0.469775142704 -0.00225047756778
10.08 -0.472036305767 -0.00227210739373
10.09 -0.474319252945 -0.00229405081375
10.1 -0.476624300816 -0.00231631391827
10.11 -0.478951772123 -0.00233890294632
10.12 -0.481301995919 -0.00236182428986
10.13 -0.483675307729 -0.00238508449836
10.14 -0.486072049705 -0.0024086902834
10.15 -0.488492570792 -0.00243264852357
10.16 -0.490937226898 -0.00245696626948
10.17 -0.493406381066 -0.00248165074891
10.18 -0.49590040366 -0.0025067093722
10.19 -0.498419672542 -0.00253214973785
10.2 -0.500964573268 -0.0025579796382
10.21 -0.503535499286 -0.00258420706546
10.22 -0.506132852134 -0.00261084021787
10.23 -0.508757041653 -0.00263788750612
10.24 -0.511408486199 -0.00266535755996
10.25 -0.514087612873 -0.00269325923513
10.26 -0.51679485774 -0.00272160162045
10.27 -0.519530666073 -0.00275039404524
10.28 -0.522295492596 -0.00277964608702
10.29 -0.525089801734 -0.00280936757943
10.3 -0.527914067875 -0.00283956862054
10.31 -0.530768775637 -0.00287025958141
10.32 -0.533654420148 -0.00290145111495
10.33 -0.536571507328 -0.00293315416526
10.34 -0.53952055419 -0.00296537997714
10.35 -0.542502089141 -0.0029981401061
10.36 -0.545516652301 -0.00303144642873
10.37 -0.548564795826 -0.00306531115343
10.38 -0.55164708425 -0.00309974683164
10.39 -0.554764094829 -0.00313476636942
10.4 -0.557916417903 -0.0031703830396
10.41 -0.56110465727 -0.00320661049431
10.42 -0.56432943057 -0.0032434627781
10.43 -0.567591369686 -0.0032809543415
10.44 -0.570891121155 -0.00331910005525
10.45 -0.574229346594 -0.00335791522501
10.46 -0.577606723149 -0.00339741560672
10.47 -0.581023943943 -0.0034376174226
10.48 -0.584481718558 -0.00347853737777
10.49 -0.587980773526 -0.00352019267766
10.5 -0.591521852831 -0.00356260104607
10.51 -0.595105718446 -0.003605780744
10.52 -0.598733150873 -0.00364975058935
10.53 -0.602404949711 -0.00369452997743
10.54 -0.606121934246 -0.00374013890226
10.55 -0.60988494406 -0.00378659797904
10.56 -0.61369483966 -0.0038339284673
10.57 -0.617552503138 -0.00388215229532
10.58 -0.621458838849 -0.00393129208548
10.59 -0.625414774124 -0.00398137118084
10.6 -0.629421259993 -0.0040324136728
10.61 -0.633479271957 -0.00408444443012
10.62 -0.637589810779 -0.00413748912922
10.63 -0.6417539033 -0.00419157428585
10.64 -0.645972603302 -0.00424672728821
10.65 -0.650246992391 -0.00430297643165
10.66 -0.654578180929 -0.00436035095493
10.67 -0.658967308988 -0.00441888107832
10.68 -0.663415547354 -0.00447859804324
10.69 -0.667924098569 -0.0045395341541
10.7 -0.672494198015 -0.00460172282192
10.71 -0.67712711504 -0.00466519861013
10.72 -0.681824154135 -0.00472999728264
10.73 -0.68658665616 -0.00479615585418
10.74 -0.69141599962 -0.00486371264319
10.75 -0.696313601991 -0.00493270732733
10.76 -0.701280921113 -0.00500318100168
10.77 -0.706319456635 -0.00507517624004
10.78 -0.711430751521 -0.00514873715913
10.79 -0.71661639363 -0.00522390948627
10.8 -0.721878017359 -0.00530074063041
10.81 -0.727217305359 -0.0053792797569
10.82 -0.732635990332 -0.00545957786616
10.83 -0.738135856902 -0.00554168787646
10.84 -0.743718743577 -0.00562566471118
10.85 -0.749386544799 -0.00571156539059
10.86 -0.755141213084 -0.00579944912875
10.87 -0.760984761267 -0.00588937743547
10.88 -0.766919264848 -0.00598141422406
10.89 -0.772946864451 -0.00607562592481
10.9 -0.779069768398 -0.00617208160497
10.91 -0.785290255402 -0.00627085309529
10.92 -0.791610677404 -0.00637201512383
10.93 -0.798033462528 -0.00647564545729
10.94 -0.804561118194 -0.00658182505049
10.95 -0.811196234385 -0.00669063820456
10.96 -0.817941487068 -0.00680217273424
10.97 -0.824799641795 -0.00691652014511
10.98 -0.831773557483 -0.00703377582132
10.99 -0.838866190386 -0.00715403922455
11.0 -0.846080598272 -0.00727741410495
11.01 -0.853419944821 -0.00740400872496
11.02 -0.860887504249 -0.00753393609693
11.03 -0.868486666174 -0.00766731423526
11.04 -0.876220940751 -0.00780426642459
11.05 -0.884093964076 -0.00794492150469
11.06 -0.892109503877 -0.00808941417353
11.07 -0.900271465542 -0.00823788530994
11.08 -0.908583898442 -0.00839048231693
11.09 -0.917051002645 -0.00854735948782
11.1 -0.925677135984 -0.00870867839625
11.11 -0.934466821531 -0.00887460831233
11.12 -0.943424755512 -0.00904532664686
11.13 -0.952555815663 -0.00922101942561
11.14 -0.961865070092 -0.0094018817963
11.15 -0.97135778665 -0.00958811857057
11.16 -0.981039442874 -0.00977994480409
11.17 -0.990915736517 -0.00997758641744
11.18 -1.00099259674 -0.0101812808617
11.19 -1.01127619595 -0.0103912778318
11.2 -1.02177296245 -0.0106078400318
11.21 -1.03248959379 -0.010831243997
11.22 -1.04343307104 -0.0110617809771
11.23 -1.05461067392 -0.0112997578856
11.24 -1.06602999699 -0.0115454983216
11.25 -1.07769896682 -0.0117993436704
11.26 -1.08962586032 -0.0120616542897
11.27 -1.10181932437 -0.0123328107887
11.28 -1.11428839662 -0.0126132154096
11.29 -1.12704252794 -0.0129032935198
11.3 -1.14009160619 -0.0132034952258
11.31 -1.15344598184 -0.0135142971198
11.32 -1.16711649533 -0.0138362041724
11.33 -1.18111450637 -0.0141697517844
11.34 -1.19545192546 -0.0145155080142
11.35 -1.21014124763 -0.0148740759972
11.36 -1.22519558875 -0.0152460965778
11.37 -1.24062872459 -0.0156322511739
11.38 -1.25645513282 -0.0160332648988
11.39 -1.27269003829 -0.016449909967
11.4 -1.28934946186 -0.0168830094137
11.41 -1.3064502731 -0.0173334411616
11.42 -1.3240102472 -0.0178021424723
11.43 -1.34204812663 -0.018290114825
11.44 -1.36058368777 -0.0187984292688
11.45 -1.3796378132 -0.0193282323043
11.46 -1.39923257015 -0.0198807523511
11.47 -1.41939129565 -0.0204573068746
11.48 -1.44013868922 -0.0210593102432
11.49 -1.46150091374 -0.0216882824097
11.5 -1.48350570542 -0.0223458585109
11.51 -1.50618249384 -0.0230337995033
11.52 -1.52956253319 -0.0237540039604
11.53 -1.55367904582 -0.0245085211826
11.54 -1.57856737959 -0.025299565786
11.55 -1.60426518067 -0.0261295339666
11.56 -1.63081258324 -0.0270010216615
11.57 -1.65825241852 -0.0279168448648
11.58 -1.68663044505 -0.0288800623963
11.59 -1.71599560312 -0.0298940014661
11.6 -1.74640029608 -0.0309622864343
11.61 -1.77790070204 -0.0320888712319
11.62 -1.81055711994 -0.033278075984
11.63 -1.84443435426 -0.03453462847
11.64 -1.8796021437 -0.0358637111639
11.65 -1.91613563974 -0.0372710147323
11.66 -1.95411594197 -0.0387627990195
11.67 -1.99363069814 -0.0403459627451
11.68 -2.03477477847 -0.0420281233631
11.69 -2.07765103484 -0.043817708814
11.7 -2.12237115779 -0.0457240632347
11.71 -2.16905664644 -0.0477575691091
11.72 -2.21783990873 -0.0499297888455
11.73 -2.26886551322 -0.0522536293936
11.74 -2.32229161713 -0.0547435342874
11.75 -2.37829160043 -0.0574157084625
11.76 -2.43705594128 -0.0602883823955
11.77 -2.49879437564 -0.0633821236287
11.78 -2.56373839243 -0.066720205645
11.79 -2.63214412667 -0.070329046484
11.8 -2.70429572656 -0.0742387325766
11.81 -2.78050928774 -0.0784836472615
11.82 -2.86113746905 -0.0831032285799
11.83 -2.94657493162 -0.0881428876454
11.84 -3.03726477778 -0.0936551276785
11.85 -3.13370621054 -0.0997009153995
11.86 -3.23646369223 -0.106351371957
11.87 -3.3461779558 -0.113689871378
11.88 -3.46357932046 -0.121814662692
11.89 -3.5895038939 -0.130842170562
11.9 -3.72491341752 -0.1409111826
11.91 -3.87091974554 -0.152188206315
11.92 -4.02881526952 -0.164874384276
11.93 -4.20011104011 -0.17921450753
11.94 -4.38658495372 -0.195508887242
11.95 -4.59034323841 -0.214129168444
11.96 -4.81389971694 -0.235539654853
11.97 -5.0602791285 -0.260326451997
11.98 -5.33315345319 -0.289237881128
11.99 -5.63702418287 -0.323241429187
12.0 -5.97746959952 -0.363605433895
12.01 -6.3614856826 -0.412018569677
12.02 -6.79796454735 -0.470768495595
12.03 -7.29837935689 -0.543015601734
12.04 -7.87778685145 -0.633224287982
12.05 -8.55633196537 -0.747864267752
12.06 -9.36157086766 -0.896593197838
12.07 -10.3321750474 -1.09433703945
12.08 -11.5240587314 -1.36513595133
12.09 -13.020949307 -1.74968764675
12.1 -14.953505744 -2.32124281399
12.11 -17.5357108901 -3.22219809595
12.12 -21.1374561841 -4.75825811415
12.13 -26.4298272854 -7.67783312669
12.14 -34.5953890887 -14.1643896682
12.15 -46.1965805093 -32.0261835536
12.16 -36.509480874 -82.5103577581
12.17 41.9649910199 -75.2711461804
12.18 44.8583790692 -28.800774068
12.19 33.4641425379 -13.0842706427
12.2 25.7047679062 -7.22520545938
12.21 20.6558363678 -4.53203454076
12.22 17.1979732002 -3.09435729796
12.23 14.7054216812 -2.24237036644
12.24 12.8318225154 -1.69775031659
12.25 11.375535047 -1.32918065733
12.26 10.2127072548 -1.0684424015
12.27 9.26356819458 -0.877338529966
12.28 8.47461480629 -0.733164639607
12.29 7.80870692175 -0.621751503647
12.3 7.23929621487 -0.533891631078
12.31 6.74692187168 -0.463394358416
12.32 6.31700418403 -0.405974453842
12.33 5.93841054614 -0.358590111521
12.34 5.60249707084 -0.319034265152
12.35 5.30245207266 -0.285674304303
12.36 5.03283636531 -0.257281705963
12.37 4.78925499958 -0.232917784316
12.38 4.56811869708 -0.211855400036
12.39 4.36646769343 -0.193524260549
12.4 4.18183977725 -0.177472028208
12.41 4.0121701302 -0.163336225617
12.42 3.85571438802 -0.150823645203
12.43 3.71098888406 -0.139695057656
12.44 3.57672376586 -0.129753716887
12.45 3.45182586528 -0.120836621653
12.46 3.33534903742 -0.112807803723
12.47 3.22647027415 -0.105553122879
12.48 3.1244703232 -0.0989761943273
12.49 3.02871785269 -0.0929951755257
12.5 2.93865642722 -0.08754021132
12.51 2.85379373065 -0.082551387661
12.52 2.77369259616 -0.0779770814517
12.53 2.69796350014 -0.0737726212623
12.54 2.62625824857 -0.0698991937543
12.55 2.55826464082 -0.0663229456298
12.56 2.49370193895 -0.0630142421547
12.57 2.43231700402 -0.0599470518238
12.58 2.37388098795 -0.0570984332322
12.59 2.31818648967 -0.0544481052021
12.6 2.2650451015 -0.0519780850837
12.61 2.21428528475 -0.049672383147
12.62 2.16575052394 -0.0475167433434
12.63 2.11929771815 -0.0454984225641
12.64 2.07479577466 -0.0436060020061
12.65 2.03212437578 -0.0418292254097
12.66 1.99117289452 -0.0401588598876
12.67 1.95183943859 -0.0385865758053
12.68 1.91403000535 -0.0371048427954
12.69 1.87765773291 -0.0357068394707
12.7 1.84264223502 -0.0343863748161
12.71 1.8089090088 -0.0331378195624
12.72 1.77638890637 -0.03195604612
12.73 1.74501766235 -0.0308363758737
12.74 1.71473547054 -0.0297745328252
12.75 1.68548660385 -0.0287666027253
12.76 1.65721907249 -0.0278089969643
12.77 1.62988431586 -0.0268984205977
12.78 1.60343692454 -0.0260318439774
12.79 1.5778343888 -0.0252064775263
12.8 1.55303687083 -0.0244197492698
12.81 1.52900699813 -0.0236692847807
12.82 1.50570967576 -0.0229528892494
12.83 1.48311191544 -0.022268531423
12.84 1.46118267991 -0.0216143291956
12.85 1.43989274078 -0.020988536658
12.86 1.4192145487 -0.0203895324408
12.87 1.3991221145 -0.0198158092044
12.88 1.37959090034 -0.0192659641501
12.89 1.36059771978 -0.0187386904388
12.9 1.34212064604 -0.0182327694213
12.91 1.32413892764 -0.0177470635923
12.92 1.30663291066 -0.0172805101921
12.93 1.28958396719 -0.0168321153902
12.94 1.27297442921 -0.0164009489888
12.95 1.25678752759 -0.0159861395967
12.96 1.24100733562 -0.0155868702235
12.97 1.2256187168 -0.0152023742545
12.98 1.21060727642 -0.0148319317696
12.99 1.19595931669 -0.0144748661706
13.0 1.18166179507 -0.0141305410913
13.01 1.16770228556 -0.0137983575598
13.02 1.15406894267 -0.0134777513931
13.03 1.14075046798 -0.0131681907997
13.04 1.12773607886 -0.0128691741743
13.05 1.11501547939 -0.0125802280637
13.06 1.10257883324 -0.012300905293
13.07 1.09041673826 -0.0120307832342
13.08 1.07852020283 -0.0117694622066
13.09 1.06688062368 -0.0115165639983
13.1 1.05548976516 -0.011271730497
13.11 1.04433973979 -0.0110346224213
13.12 1.03342299009 -0.0108049181456
13.13 1.02273227148 -0.0105823126085
13.14 1.01226063624 -0.0103665162994
13.15 1.00200141851 -0.0101572543175
13.16 0.991948220095 -0.00995426549549
13.17 0.982094897175 -0.00975730158447
13.18 0.972435547804 -0.00956612649487
13.19 0.962964500113 -0.00938051558855
13.2 0.953676301205 -0.00920025501874
13.21 0.944565706697 -0.00902514111396
13.22 0.935627670848 -0.00885497980246
13.23 0.926857337237 -0.00868958607437
13.24 0.918250029975 -0.00852878347868
13.25 0.909801245386 -0.00837240365242
13.26 0.901506644159 -0.00822028587988
13.27 0.893362043911 -0.00807227667954
13.28 0.885363412165 -0.00792822941683
13.29 0.877506859689 -0.00778800394087
13.3 0.86978863419 -0.00765146624339
13.31 0.862205114346 -0.00751848813854
13.32 0.854752804138 -0.00738894696197
13.33 0.847428327475 -0.0072627252878
13.34 0.840228423104 -0.00713971066254
13.35 0.833149939755 -0.00701979535443
13.36 0.826189831558 -0.00690287611767
13.37 0.819345153666 -0.00678885396999
13.38 0.812613058101 -0.00667763398318
13.39 0.805990789804 -0.00656912508546
13.4 0.79947568288 -0.00646323987495
13.41 0.793065157017 -0.00635989444372
13.42 0.786756714078 -0.00625900821143
13.43 0.78054793486 -0.00616050376828
13.44 0.774436475995 -0.00606430672642
13.45 0.768420067011 -0.0059703455796
13.46 0.762496507507 -0.00587855157008
13.47 0.756663664482 -0.00578885856301
13.48 0.75091946977 -0.00570120292714
13.49 0.745261917592 -0.00561552342202
13.5 0.739689062226 -0.00553176109097
13.51 0.734199015776 -0.00544985915967
13.52 0.728789946033 -0.0053697629399
13.53 0.723460074447 -0.00529141973827
13.54 0.71820767417 -0.00521477876952
13.55 0.713031068193 -0.0051397910742
13.56 0.707928627561 -0.00506640944046
13.57 0.702898769664 -0.00499458832975
13.58 0.697939956601 -0.00492428380611
13.59 0.693050693611 -0.00485545346903
13.6 0.688229527573 -0.00478805638944
13.61 0.683475045562 -0.00472205304889
13.62 0.678785873477 -0.00465740528162
13.63 0.674160674706 -0.00459407621938
13.64 0.669598148865 -0.0045320302388
13.65 0.665097030573 -0.00447123291136
13.66 0.660656088288 -0.00441165095557
13.67 0.656274123177 -0.00435325219145
13.68 0.651949968042 -0.00429600549703
13.69 0.647682486279 -0.00423988076692
13.7 0.643470570891 -0.00418484887273
13.71 0.639313143516 -0.00413088162521
13.72 0.635209153523 -0.0040779517382
13.73 0.631157577114 -0.00402603279412
13.74 0.627157416478 -0.003975099211
13.75 0.623207698973 -0.00392512621096
13.76 0.619307476332 -0.00387608979008
13.77 0.615455823912 -0.00382796668955
13.78 0.611651839956 -0.00378073436811
13.79 0.607894644893 -0.00373437097565
13.8 0.604183380658 -0.0036888553279
13.81 0.60051721004 -0.00364416688229
13.82 0.596895316052 -0.00360028571467
13.83 0.593316901324 -0.00355719249724
13.84 0.589781187519 -0.00351486847713
13.85 0.586287414763 -0.00347329545606
13.86 0.582834841109 -0.00343245577078
13.87 0.579422742006 -0.00339233227427
13.88 0.576050409794 -0.00335290831778
13.89 0.572717153213 -0.00331416773352
13.9 0.569422296933 -0.00327609481811
13.91 0.566165181096 -0.00323867431667
13.92 0.562945160877 -0.00320189140747
13.93 0.559761606056 -0.00316573168735
13.94 0.556613900609 -0.00313018115756
13.95 0.55350144231 -0.00309522621019
13.96 0.550423642347 -0.00306085361523
13.97 0.547379924948 -0.00302705050795
13.98 0.544369727027 -0.00299380437693
13.99 0.541392497833 -0.00296110305245
14.0 0.538447698614 -0.00292893469537
14.01 0.535534802293 -0.00289728778638
14.02 0.532653293154 -0.00286615111574
14.03 0.529802666536 -0.00283551377332
14.04 0.526982428541 -0.00280536513901
14.05 0.524192095745 -0.0027756948736
14.06 0.521431194924 -0.00274649290981
14.07 0.518699262786 -0.00271774944383
14.08 0.515995845713 -0.00268945492708
14.09 0.513320499508 -0.00266160005823
14.1 0.510672789152 -0.00263417577562
14.11 0.508052288567 -0.00260717324981
14.12 0.505458580393 -0.00258058387657
14.13 0.50289125576 -0.00255439926995
14.14 0.500349914074 -0.00252861125568
14.15 0.497834162812 -0.00250321186483
14.16 0.495343617317 -0.0024781933276
14.17 0.492877900603 -0.0024535480674
14.18 0.490436643165 -0.00242926869514
14.19 0.488019482793 -0.00240534800363
14.2 0.485626064394 -0.00238177896229
14.21 0.483256039817 -0.00235855471195
14.22 0.480909067687 -0.00233566855988
14.23 0.478584813237 -0.00231311397493
14.24 0.476282948152 -0.00229088458293
14.25 0.474003150411 -0.00226897416212
14.26 0.471745104143 -0.00224737663884
14.27 0.469508499472 -0.00222608608332
14.28 0.467293032383 -0.00220509670558
14.29 0.465098404583 -0.00218440285152
14.3 0.462924323362 -0.0021639989991
14.31 0.460770501468 -0.00214387975465
14.32 0.458636656979 -0.00212403984933
14.33 0.45652251318 -0.00210447413565
14.34 0.454427798441 -0.00208517758415
14.35 0.452352246107 -0.00206614528016
14.36 0.450295594375 -0.00204737242067
14.37 0.448257586194 -0.0020288543113
14.38 0.446237969151 -0.00201058636338
14.39 0.44423649537 -0.00199256409107
14.4 0.442252921409 -0.00197478310864
14.41 0.440287008164 -0.00195723912781
14.42 0.438338520767 -0.00193992795512
14.43 0.436407228499 -0.00192284548945
14.44 0.434492904696 -0.00190598771961
14.45 0.43259532666 -0.00188935072193
14.46 0.430714275573 -0.00187293065805
14.47 0.428849536412 -0.00185672377264
14.48 0.427000897871 -0.0018407263913
14.49 0.425168152275 -0.00182493491843
14.5 0.423351095506 -0.00180934583525
14.51 0.421549526927 -0.00179395569785
14.52 0.419763249309 -0.00177876113522
14.53 0.417992068756 -0.00176375884747
14.54 0.416235794637 -0.00174894560403
14.55 0.414494239516 -0.00173431824186
14.56 0.412767219088 -0.00171987366383
14.57 0.411054552112 -0.00170560883704
14.58 0.409356060348 -0.00169152079121
14.59 0.407671568494 -0.0016776066172
14.6 0.406000904128 -0.00166386346545
14.61 0.404343897646 -0.00165028854451
14.62 0.40270038221 -0.00163687911971
14.63 0.401070193685 -0.00162363251166
14.64 0.399453170589 -0.00161054609503
14.65 0.39784915404 -0.00159761729714
14.66 0.3962579877 -0.0015848435968
14.67 0.394679517728 -0.001572222523
14.68 0.393113592728 -0.00155975165375
14.69 0.391560063702 -0.00154742861491
14.7 0.390018784004 -0.00153525107907
14.71 0.388489609289 -0.00152321676444
14.72 0.386972397474 -0.00151132343378
14.73 0.38546700869 -0.00149956889337
14.74 0.383973305239 -0.00148795099199
14.75 0.382491151553 -0.00147646761995
14.76 0.381020414156 -0.0014651167081
14.77 0.379560961618 -0.00145389622693
14.78 0.37811266452 -0.00144280418566
14.79 0.376675395413 -0.00143183863132
14.8 0.375249028785 -0.00142099764795
14.81 0.373833441019 -0.00141027935572
14.82 0.37242851036 -0.00139968191011
14.83 0.371034116881 -0.00138920350115
14.84 0.369650142448 -0.00137884235264
14.85 0.368276470685 -0.00136859672136
14.86 0.366912986944 -0.00135846489637
14.87 0.365559578271 -0.00134844519831
14.88 0.364216133377 -0.00133853597867
14.89 0.362882542604 -0.00132873561911
14.9 0.361558697899 -0.00131904253084
14.91 0.360244492783 -0.00130945515393
14.92 0.358939822321 -0.00129997195672
14.93 0.357644583097 -0.00129059143518
14.94 0.356358673186 -0.00128131211231
14.95 0.355081992125 -0.00127213253761
14.96 0.353814440888 -0.00126305128645
14.97 0.352555921863 -0.00125406695954
14.98 0.351306338822 -0.0012451781824
14.99 0.350065596901 -0.00123638360485
