-5.0 -0.0617295715035 -4.42095881729e-05
-4.99 -0.0617738249116 -4.42975526513e-05
-4.98 -0.0618181664785 -4.43859080753e-05
-4.97 -0.0618625965965 -4.44746574093e-05
-4.96 -0.061907115661 -4.45638036481e-05
-4.95 -0.0619517240705 -4.46533498183e-05
-4.94 -0.0619964222263 -4.47432989778e-05
-4.93 -0.062041210533 -4.48336542167e-05
-4.92 -0.0620860893983 -4.49244186576e-05
-4.91 -0.0621310592329 -4.50155954561e-05
-4.9 -0.0621761204507 -4.5107187801e-05
-4.89 -0.0622212734689 -4.5199198915e-05
-4.88 -0.0622665187079 -4.52916320551e-05
-4.87 -0.0623118565912 -4.53844905128e-05
-4.86 -0.062357287546 -4.54777776148e-05
-4.85 -0.0624028120025 -4.55714967235e-05
-4.84 -0.0624484303943 -4.56656512373e-05
-4.83 -0.0624941431587 -4.57602445912e-05
-4.82 -0.0625399507361 -4.58552802571e-05
-4.81 -0.0625858535706 -4.59507617445e-05
-4.8 -0.0626318521098 -4.6046692601e-05
-4.79 -0.0626779468048 -4.61430764127e-05
-4.78 -0.0627241381104 -4.62399168046e-05
-4.77 -0.062770426485 -4.63372174416e-05
-4.76 -0.0628168123906 -4.64349820283e-05
-4.75 -0.0628632962931 -4.65332143103e-05
-4.74 -0.0629098786621 -4.66319180741e-05
-4.73 -0.0629565599708 -4.67310971483e-05
-4.72 -0.0630033406966 -4.68307554036e-05
-4.71 -0.0630502213206 -4.69308967535e-05
-4.7 -0.0630972023278 -4.70315251552e-05
-4.69 -0.0631442842072 -4.71326446099e-05
-4.68 -0.063191467452 -4.72342591635e-05
-4.67 -0.0632387525591 -4.73363729072e-05
-4.66 -0.06328614003 -4.74389899781e-05
-4.65 -0.0633336303699 -4.75421145598e-05
-4.64 -0.0633812240885 -4.76457508833e-05
-4.63 -0.0634289216997 -4.77499032272e-05
-4.62 -0.0634767237215 -4.78545759188e-05
-4.61 -0.0635246306766 -4.79597733346e-05
-4.6 -0.0635726430918 -4.80654999009e-05
-4.59 -0.0636207614985 -4.81717600946e-05
-4.58 -0.0636689864326 -4.82785584439e-05
-4.57 -0.0637173184345 -4.83858995292e-05
-4.56 -0.0637657580492 -4.84937879834e-05
-4.55 -0.0638143058264 -4.8602228493e-05
-4.54 -0.0638629623206 -4.87112257987e-05
-4.53 -0.0639117280908 -4.88207846964e-05
-4.52 -0.0639606037012 -4.89309100377e-05
-4.51 -0.0640095897205 -4.90416067308e-05
-4.5 -0.0640586867225 -4.91528797414e-05
-4.49 -0.0641078952861 -4.92647340934e-05
-4.48 -0.0641572159952 -4.93771748697e-05
-4.47 -0.0642066494387 -4.94902072133e-05
-4.46 -0.0642561962107 -4.9603836328e-05
-4.45 -0.0643058569107 -4.97180674791e-05
-4.44 -0.0643556321432 -4.98329059948e-05
-4.43 -0.0644055225184 -4.99483572665e-05
-4.42 -0.0644555286517 -5.00644267502e-05
-4.41 -0.064505651164 -5.01811199672e-05
-4.4 -0.0645558906818 -5.02984425053e-05
-4.39 -0.0646062478373 -5.04164000193e-05
-4.38 -0.0646567232683 -5.05349982326e-05
-4.37 -0.0647073176183 -5.06542429378e-05
-4.36 -0.0647580315367 -5.07741399978e-05
-4.35 -0.0648088656788 -5.0894695347e-05
-4.34 -0.0648598207059 -5.10159149921e-05
-4.33 -0.0649108972853 -5.11378050135e-05
-4.32 -0.0649620960905 -5.12603715662e-05
-4.31 -0.0650134178009 -5.1383620881e-05
-4.3 -0.0650648631025 -5.15075592654e-05
-4.29 -0.0651164326876 -5.16321931052e-05
-4.28 -0.0651681272547 -5.17575288654e-05
-4.27 -0.0652199475092 -5.18835730915e-05
-4.26 -0.0652718941626 -5.20103324104e-05
-4.25 -0.0653239679334 -5.21378135324e-05
-4.24 -0.0653761695467 -5.22660232516e-05
-4.23 -0.0654284997347 -5.23949684478e-05
-4.22 -0.0654809592362 -5.25246560875e-05
-4.21 -0.065533548797 -5.26550932254e-05
-4.2 -0.0655862691704 -5.27862870057e-05
-4.19 -0.0656391211164 -5.29182446636e-05
-4.18 -0.0656921054026 -5.30509735263e-05
-4.17 -0.0657452228039 -5.31844810152e-05
-4.16 -0.0657984741026 -5.33187746466e-05
-4.15 -0.0658518600886 -5.34538620335e-05
-4.14 -0.0659053815595 -5.35897508874e-05
-4.13 -0.0659590393206 -5.37264490194e-05
-4.12 -0.0660128341851 -5.38639643419e-05
-4.11 -0.0660667669742 -5.40023048703e-05
-4.1 -0.0661208385171 -5.41414787248e-05
-4.09 -0.0661750496511 -5.42814941316e-05
-4.08 -0.066229401222 -5.44223594251e-05
-4.07 -0.0662838940839 -5.45640830491e-05
-4.06 -0.0663385290992 -5.47066735592e-05
-4.05 -0.0663933071391 -5.48501396241e-05
-4.04 -0.0664482290836 -5.49944900275e-05
-4.03 -0.0665032958214 -5.51397336701e-05
-4.02 -0.0665585082502 -5.52858795716e-05
-4.01 -0.0666138672767 -5.54329368724e-05
-4.0 -0.066669373817 -5.55809148356e-05
-3.99 -0.0667250287964 -5.5729822849e-05
-3.98 -0.0667808331495 -5.58796704275e-05
-3.97 -0.0668367878208 -5.60304672147e-05
-3.96 -0.0668928937643 -5.61822229853e-05
-3.95 -0.0669491519438 -5.63349476471e-05
-3.94 -0.0670055633333 -5.64886512436e-05
-3.93 -0.0670621289166 -5.66433439557e-05
-3.92 -0.067118849688 -5.67990361044e-05
-3.91 -0.0671757266521 -5.6955738153e-05
-3.9 -0.0672327608241 -5.71134607096e-05
-3.89 -0.0672899532298 -5.72722145294e-05
-3.88 -0.0673473049058 -5.74320105173e-05
-3.87 -0.0674048168997 -5.75928597303e-05
-3.86 -0.0674624902704 -5.77547733802e-05
-3.85 -0.0675203260879 -5.79177628362e-05
-3.84 -0.0675783254336 -5.80818396277e-05
-3.83 -0.0676364894008 -5.82470154469e-05
-3.82 -0.0676948190942 -5.84133021514e-05
-3.81 -0.0677533156307 -5.85807117678e-05
-3.8 -0.0678119801393 -5.87492564937e-05
-3.79 -0.0678708137612 -5.89189487013e-05
-3.78 -0.06792981765 -5.90898009402e-05
-3.77 -0.0679889929722 -5.92618259405e-05
-3.76 -0.0680483409067 -5.94350366158e-05
-3.75 -0.0681078626458 -5.96094460671e-05
-3.74 -0.0681675593948 -5.97850675852e-05
-3.73 -0.0682274323724 -5.99619146545e-05
-3.72 -0.068287482811 -6.01400009565e-05
-3.71 -0.0683477119566 -6.03193403732e-05
-3.7 -0.0684081210693 -6.04999469906e-05
-3.69 -0.0684687114234 -6.06818351025e-05
-3.68 -0.0685294843075 -6.0865019214e-05
-3.67 -0.0685904410249 -6.10495140456e-05
-3.66 -0.0686515828937 -6.12353345369e-05
-3.65 -0.068712911247 -6.14224958505e-05
-3.64 -0.0687744274333 -6.16110133761e-05
-3.63 -0.0688361328164 -6.18009027349e-05
-3.62 -0.0688980287762 -6.19921797835e-05
-3.61 -0.068960116708 -6.21848606182e-05
-3.6 -0.069022398024 -6.23789615797e-05
-3.59 -0.0690848741523 -6.25744992574e-05
-3.58 -0.069147546538 -6.27714904938e-05
-3.57 -0.069210416643 -6.29699523897e-05
-3.56 -0.0692734859467 -6.31699023087e-05
-3.55 -0.0693367559457 -6.33713578821e-05
-3.54 -0.0694002281546 -6.35743370137e-05
-3.53 -0.0694639041058 -6.37788578857e-05
-3.52 -0.0695277853502 -6.39849389629e-05
-3.51 -0.0695918734574 -6.41925989989e-05
-3.5 -0.0696561700155 -6.44018570411e-05
-3.49 -0.0697206766323 -6.46127324364e-05
-3.48 -0.0697853949347 -6.48252448371e-05
-3.47 -0.0698503265696 -6.50394142064e-05
-3.46 -0.069915473204 -6.52552608248e-05
-3.45 -0.0699808365253 -6.54728052958e-05
-3.44 -0.0700464182416 -6.56920685523e-05
-3.43 -0.0701122200823 -6.59130718633e-05
-3.42 -0.0701782437981 -6.613583684e-05
-3.41 -0.0702444911614 -6.63603854425e-05
-3.4 -0.070310963967 -6.65867399871e-05
-3.39 -0.0703776640318 -6.68149231528e-05
-3.38 -0.070444593196 -6.70449579888e-05
-3.37 -0.0705117533227 -6.72768679214e-05
-3.36 -0.0705791462988 -6.75106767621e-05
-3.35 -0.0706467740352 -6.77464087147e-05
-3.34 -0.070714638467 -6.79840883836e-05
-3.33 -0.0707827415543 -6.82237407814e-05
-3.32 -0.0708510852824 -6.84653913375e-05
-3.31 -0.0709196716623 -6.87090659064e-05
-3.3 -0.0709885027308 -6.8954790776e-05
-3.29 -0.0710575805514 -6.9202592677e-05
-3.28 -0.0711269072147 -6.94524987916e-05
-3.27 -0.0711964848383 -6.97045367625e-05
-3.26 -0.0712663155681 -6.99587347028e-05
-3.25 -0.0713364015782 -7.02151212058e-05
-3.24 -0.0714067450713 -7.04737253541e-05
-3.23 -0.0714773482797 -7.07345767309e-05
-3.22 -0.0715482134656 -7.09977054295e-05
-3.21 -0.0716193429212 -7.12631420644e-05
-3.2 -0.07169073897 -7.15309177822e-05
-3.19 -0.0717624039665 -7.18010642729e-05
-3.18 -0.0718343402974 -7.20736137809e-05
-3.17 -0.071906550382 -7.23485991176e-05
-3.16 -0.0719790366725 -7.26260536724e-05
-3.15 -0.0720518016549 -7.29060114262e-05
-3.14 -0.0721248478494 -7.31885069632e-05
-3.13 -0.0721981778111 -7.34735754841e-05
-3.12 -0.0722717941307 -7.37612528198e-05
-3.11 -0.0723456994349 -7.40515754445e-05
-3.1 -0.0724198963874 -7.43445804902e-05
-3.09 -0.0724943876891 -7.46403057604e-05
-3.08 -0.0725691760792 -7.49387897458e-05
-3.07 -0.0726442643358 -7.52400716384e-05
-3.06 -0.0727196552765 -7.55441913476e-05
-3.05 -0.072795351759 -7.58511895159e-05
-3.04 -0.0728713566821 -7.61611075353e-05
-3.03 -0.0729476729866 -7.64739875638e-05
-3.02 -0.0730243036555 -7.67898725428e-05
-3.01 -0.0731012517154 -7.71088062149e-05
-3.0 -0.0731785202368 -7.74308331413e-05
-2.99 -0.0732561123354 -7.7755998721e-05
-2.98 -0.0733340311725 -7.80843492099e-05
-2.97 -0.0734122799563 -7.84159317396e-05
-2.96 -0.0734908619425 -7.87507943385e-05
-2.95 -0.0735697804352 -7.90889859517e-05
-2.94 -0.073649038788 -7.94305564625e-05
-2.93 -0.0737286404048 -7.9775556714e-05
-2.92 -0.0738085887408 -8.01240385317e-05
-2.91 -0.0738888873036 -8.04760547461e-05
-2.9 -0.0739695396541 -8.08316592166e-05
-2.89 -0.0740505494075 -8.11909068558e-05
-2.88 -0.0741319202346 -8.1553853654e-05
-2.87 -0.0742136558626 -8.19205567052e-05
-2.86 -0.0742957600764 -8.22910742331e-05
-2.85 -0.0743782367197 -8.26654656186e-05
-2.84 -0.0744610896961 -8.30437914272e-05
-2.83 -0.0745443229703 -8.34261134376e-05
-2.82 -0.0746279405697 -8.38124946713e-05
-2.81 -0.074711946585 -8.4202999423e-05
-2.8 -0.074796345172 -8.45976932913e-05
-2.79 -0.0748811405528 -8.49966432107e-05
-2.78 -0.0749663370168 -8.53999174851e-05
-2.77 -0.0750519389229 -8.58075858208e-05
-2.76 -0.0751379506999 -8.62197193623e-05
-2.75 -0.0752243768488 -8.66363907272e-05
-2.74 -0.0753112219439 -8.7057674044e-05
-2.73 -0.0753984906342 -8.74836449893e-05
-2.72 -0.0754861876454 -8.79143808277e-05
-2.71 -0.0755743177811 -8.83499604513e-05
-2.7 -0.0756628859247 -8.87904644219e-05
-2.69 -0.0757518970409 -8.92359750131e-05
-2.68 -0.0758413561776 -8.96865762549e-05
-2.67 -0.0759312684677 -9.01423539784e-05
-2.66 -0.0760216391306 -9.06033958631e-05
-2.65 -0.0761124734746 -9.10697914843e-05
-2.64 -0.0762037768983 -9.15416323636e-05
-2.63 -0.0762955548928 -9.20190120192e-05
-2.62 -0.076387813044 -9.25020260191e-05
-2.61 -0.076480557034 -9.29907720351e-05
-2.6 -0.0765737926438 -9.34853498989e-05
-2.59 -0.0766675257555 -9.398586166e-05
-2.58 -0.0767617623542 -9.44924116451e-05
-2.57 -0.0768565085303 -9.50051065195e-05
-2.56 -0.0769517704823 -9.55240553506e-05
-2.55 -0.0770475545189 -9.60493696734e-05
-2.54 -0.0771438670615 -9.65811635576e-05
-2.53 -0.0772407146469 -9.71195536778e-05
-2.52 -0.07733810393 -9.76646593849e-05
-2.51 -0.0774360416862 -9.82166027805e-05
-2.5 -0.0775345348144 -9.87755087938e-05
-2.49 -0.0776335903399 -9.93415052603e-05
-2.48 -0.0777332154175 -9.9914723004e-05
-2.47 -0.0778334173339 -0.000100495295921
-2.46 -0.0779342035115 -0.000101083361069
-2.45 -0.0780355815115 -0.000101679058754
-2.44 -0.0781375590366 -0.000102282532626
-2.43 -0.0782401439352 -0.000102893929774
-2.42 -0.0783433442044 -0.000103513400828
-2.41 -0.0784471679937 -0.000104141100058
-2.4 -0.0785516236087 -0.000104777185484
-2.39 -0.0786567195149 -0.000105421818984
-2.38 -0.0787624643416 -0.000106075166409
-2.37 -0.078868866886 -0.0001067373977
-2.36 -0.0789759361172 -0.00010740868701
-2.35 -0.0790836811806 -0.000108089212831
-2.34 -0.0791921114025 -0.000108779158126
-2.33 -0.079301236294 -0.000109478710459
-2.32 -0.0794110655564 -0.000110188062142
-2.31 -0.0795216090856 -0.000110907410375
-2.3 -0.079632876977 -0.000111636957398
-2.29 -0.079744879531 -0.000112376910648
-2.28 -0.079857627258 -0.000113127482917
-2.27 -0.0799711308838 -0.000113888892523
-2.26 -0.0800854013553 -0.000114661363481
-2.25 -0.0802004498463 -0.000115445125684
-2.24 -0.0803162877636 -0.000116240415089
-2.23 -0.0804329267526 -0.000117047473909
-2.22 -0.0805503787046 -0.000117866550817
-2.21 -0.0806686557624 -0.000118697901149
-2.2 -0.0807877703276 -0.000119541787127
-2.19 -0.0809077350675 -0.000120398478075
-2.18 -0.0810285629223 -0.00012126825066
-2.17 -0.0811502671126 -0.000122151389128
-2.16 -0.081272861147 -0.000123048185557
-2.15 -0.0813963588301 -0.000123958940118
-2.14 -0.0815207742707 -0.000124883961346
-2.13 -0.0816461218905 -0.000125823566424
-2.12 -0.0817724164326 -0.000126778081471
-2.11 -0.0818996729706 -0.000127747841851
-2.1 -0.0820279069184 -0.000128733192487
-2.09 -0.0821571340394 -0.000129734488194
-2.08 -0.0822873704569 -0.000130752094016
-2.07 -0.0824186326643 -0.00013178638559
-2.06 -0.0825509375361 -0.000132837749513
-2.05 -0.0826843023386 -0.000133906583727
-2.04 -0.0828187447422 -0.000134993297928
-2.03 -0.0829542828325 -0.000136098313981
-2.02 -0.0830909351232 -0.000137222066357
-2.01 -0.0832287205691 -0.00013836500259
-2.0 -0.0833676585786 -0.000139527583753
-1.99 -0.0835077690283 -0.000140710284952
-1.98 -0.0836490722769 -0.000141913595841
-1.97 -0.0837915891801 -0.000143138021165
-1.96 -0.0839353411058 -0.000144384081318
-1.95 -0.0840803499503 -0.000145652312932
-1.94 -0.0842266381547 -0.000146943269492
-1.93 -0.084374228722 -0.000148257521971
-1.92 -0.0845231452349 -0.000149595659503
-1.91 -0.0846734118745 -0.00015095829008
-1.9 -0.0848250534393 -0.000152346041282
-1.89 -0.0849780953652 -0.00015375956104
-1.88 -0.0851325637464 -0.000155199518439
-1.87 -0.0852884853566 -0.000156666604544
-1.86 -0.0854458876719 -0.000158161533285
-1.85 -0.0856047988937 -0.000159685042363
-1.84 -0.0857652479729 -0.000161237894214
-1.83 -0.0859272646355 -0.000162820877009
-1.82 -0.0860908794085 -0.000164434805705
-1.81 -0.0862561236474 -0.00016608052315
-1.8 -0.0864230295645 -0.000167758901235
-1.79 -0.0865916302588 -0.000169470842107
-1.78 -0.0867619597463 -0.000171217279437
-1.77 -0.0869340529928 -0.000172999179758
-1.76 -0.0871079459472 -0.000174817543859
-1.75 -0.0872836755763 -0.000176673408261
-1.74 -0.0874612799014 -0.000178567846755
-1.73 -0.0876407980364 -0.00018050197203
-1.72 -0.0878222702274 -0.000182476937376
-1.71 -0.0880057378943 -0.000184493938476
-1.7 -0.088191243674 -0.000186554215298
-1.69 -0.0883788314655 -0.000188659054073
-1.68 -0.0885685464777 -0.000190809789395
-1.67 -0.0887604352779 -0.000193007806414
-1.66 -0.0889545458444 -0.000195254543162
-1.65 -0.0891509276201 -0.000197551492991
-1.64 -0.0893496315689 -0.00019990020716
-1.63 -0.0895507102353 -0.000202302297546
-1.62 -0.0897542178061 -0.000204759439517
-1.61 -0.0899602101754 -0.000207273374962
-1.6 -0.0901687450128 -0.000209845915489
-1.59 -0.0903798818346 -0.000212478945809
-1.58 -0.0905936820785 -0.000215174427305
-1.57 -0.0908102091822 -0.000217934401815
-1.56 -0.0910295286658 -0.000220760995631
-1.55 -0.0912517082183 -0.000223656423732
-1.54 -0.0914768177882 -0.000226622994265
-1.53 -0.0917049296792 -0.000229663113298
-1.52 -0.0919361186503 -0.000232779289852
-1.51 -0.0921704620213 -0.000235974141245
-1.5 -0.0924080397841 -0.000239250398754
-1.49 -0.092648934719 -0.000242610913636
-1.48 -0.0928932325182 -0.000246058663515
-1.47 -0.0931410219152 -0.000249596759171
-1.46 -0.0933923948211 -0.000253228451768
-1.45 -0.0936474464693 -0.00025695714053
-1.44 -0.0939062755667 -0.000260786380924
-1.43 -0.0941689844544 -0.000264719893368
-1.42 -0.0944356792774 -0.000268761572518
-1.41 -0.0947064701627 -0.000272915497162
-1.4 -0.0949814714092 -0.00027718594079
-1.39 -0.0952608016872 -0.000281577382865
-1.38 -0.0955445842506 -0.000286094520875
-1.37 -0.0958329471604 -0.000290742283209
-1.36 -0.0961260235224 -0.000295525842935
-1.35 -0.096423951739 -0.000300450632544
-1.34 -0.0967268757758 -0.000305522359749
-1.33 -0.0970349454449 -0.000310747024406
-1.32 -0.0973483167055 -0.00031613093668
-1.31 -0.0976671519834 -0.000321680736528
-1.3 -0.097991620511 -0.000327403414639
-1.29 -0.0983218986878 -0.000333306334935
-1.28 -0.0986581704659 -0.000339397258776
-1.27 -0.0990006277591 -0.000345684371028
-1.26 -0.0993494708795 -0.000352176308137
-1.25 -0.0997049090038 -0.000358882188413
-1.24 -0.10006716067 -0.000365811644701
-1.23 -0.100436454308 -0.00037297485968
-1.22 -0.10081302881 -0.000380382604016
-1.21 -0.101197134132 -0.000388046277648
-1.2 -0.10158903195 -0.000395977954491
-1.19 -0.101988996355 -0.000404190430907
-1.18 -0.102397314596 -0.000412697278284
-1.17 -0.102814287887 -0.000421512900145
-1.16 -0.103240232265 -0.000430652594232
-1.15 -0.103675479517 -0.000440132620068
-1.14 -0.104120378173 -0.000449970272561
-1.13 -0.104575294582 -0.000460183962261
-1.12 -0.105040614069 -0.00047079330299
-1.11 -0.105516742178 -0.000481819207613
-1.1 -0.106004106022 -0.000493283992829
-1.09 -0.106503155742 -0.000505211493973
-1.08 -0.10701436608 -0.000517627190932
-1.07 -0.107538238089 -0.000530558346425
-1.06 -0.108075300987 -0.00054403415806
-1.05 -0.108626114166 -0.000558085925751
-1.04 -0.109191269381 -0.000572747236298
-1.03 -0.10977139313 -0.000588054167185
-1.02 -0.110367149248 -0.000604045511899
-1.01 -0.110979241736 -0.000620763029422
-1.0 -0.111608417855 -0.000638251720906
-0.99 -0.112255471504 -0.000656560136968
-0.98 -0.112921246932 -0.000675740719546
-0.97 -0.113606642795 -0.000695850182834
-0.96 -0.114312616626 -0.000716949938489
-0.95 -0.115040189746 -0.000739106571088
-0.94 -0.115790452679 -0.000762392370755
-0.93 -0.116564571125 -0.000786885930942
-0.92 -0.117363792572 -0.000812672820655
-0.91 -0.118189453602 -0.000839846341907
-0.9 -0.11904298802 -0.000868508384982
-0.89 -0.119925935866 -0.000898770396238
-0.88 -0.120839953468 -0.000930754475688
-0.87 -0.121786824648 -0.000964594624664
-0.86 -0.122768473259 -0.00100043816748
-0.85 -0.123786977228 -0.00103844737543
-0.84 -0.124844584325 -0.00107880132667
-0.83 -0.125943729916 -0.00112169804212
-0.82 -0.127087056987 -0.00116735694504
-0.81 -0.128277438797 -0.0012160217018
-0.8 -0.129518004557 -0.00126796351274
-0.79 -0.13081216864 -0.00132348493674
-0.78 -0.132163663877 -0.00138292435056
-0.77 -0.133576579637 -0.00144666116653
-0.76 -0.135055405512 -0.00151512195954
-0.75 -0.136605081588 -0.00158878768926
-0.74 -0.138231056498 -0.00166820224706
-0.73 -0.139939354685 -0.001753982613
-0.72 -0.141736654649 -0.00184683097909
-0.71 -0.143630380309 -0.0019475492863
-0.7 -0.145628808131 -0.00205705674072
-0.69 -0.147741193272 -0.0021764110276
-0.68 -0.149977918824 -0.00230683414326
-0.67 -0.152350673222 -0.00244974403063
-0.66 -0.154872662229 -0.00260679355768
-0.65 -0.157558863609 -0.00277991885317
-0.64 -0.160426334872 -0.00297139965783
-0.63 -0.163494587435 -0.00318393522893
-0.62 -0.166786044536 -0.00342074055317
-0.61 -0.170326605594 -0.00368566932179
-0.6 -0.174146347002 -0.0039833725234
-0.59 -0.178280399407 -0.00431950494674
-0.58 -0.182770055493 -0.0047009968694
-0.57 -0.18766418203 -0.00513641554174
-0.56 -0.193021038138 -0.00563645203436
-0.55 -0.198910642617 -0.00621458567582
-0.54 -0.205417893425 -0.00688800409789
-0.53 -0.212646732751 -0.00767889764874
-0.52 -0.22072578904 -0.00861631273493
-0.51 -0.229816142532 -0.0097388575395
-0.5 -0.240122203873 -0.0110987386756
-0.49 -0.251907256357 -0.0127679316293
-0.48 -0.265516154945 -0.0148478754325
-0.47 -0.281409308451 -0.0174851879177
-0.46 -0.300214998347 -0.0208980714155
-0.45 -0.32281253468 -0.0254225681319
-0.44 -0.350469315632 -0.0315976476053
-0.43 -0.385076294928 -0.0403311078968
-0.42 -0.429571911855 -0.05324663645
-0.41 -0.488745210876 -0.0734756033278
-0.4 -0.570831959788 -0.107671322757
-0.39 -0.690723655426 -0.171898544169
-0.38 -0.87499041107 -0.312178851747
-0.37 -1.14395387177 -0.69039831147
-0.36 -1.04823856331 -1.80094709274
-0.35 0.799976127353 -1.90420185628
-0.34 0.992282855665 -0.736356337564
-0.33 0.720244819446 -0.327679078142
-0.32 0.530033889628 -0.178532777211
-0.31 0.406453995212 -0.111149322721
-0.3 0.322028365095 -0.0756262062814
-0.29 0.261211551546 -0.0547837431168
-0.28 0.215420528852 -0.0415835223913
-0.27 0.179673212523 -0.0327430881349
-0.26 0.150909409957 -0.0265774432871
-0.25 0.127145225368 -0.0221604592365
-0.24 0.107022785426 -0.0189656553807
-0.23 0.0895505990613 -0.016710586236
-0.22 0.0739352508873 -0.0153245427849
-0.21 0.0594941602282 -0.0151090299249
-0.2 0.0462967272124 -0.0172494930709
-0.19 0.0368084871569 -0.0214064977113
-0.18 0.0305321168755 -0.0246629258918
-0.17 0.0257352257598 -0.0267841161656
-0.16 0.0217619357732 -0.0281383290365
-0.15 0.0183423478724 -0.0289757298564
-0.14 0.0153352377514 -0.0294512744279
-0.13 0.012653658544 -0.0296647242824
-0.12 0.0102382620198 -0.0296831805147
-0.11 0.00804572985448 -0.0295534410079
-0.1 0.00604297641032 -0.0293090924393
-0.0900000000001 0.0042039069871 -0.0289747893414
-0.0800000000001 0.00250744653533 -0.0285689522944
-0.0700000000001 0.000936260819457 -0.0281055335757
-0.0600000000001 -0.000524116123498 -0.0275952088044
-0.0500000000001 -0.00188590150444 -0.0270462020604
-0.0400000000001 -0.00315951793275 -0.0264648694101
-0.0300000000001 -0.00435393514717 -0.0258561186677
-0.0200000000001 -0.00547693283431 -0.0252237153017
-0.0100000000001 -0.00653530659918 -0.0245705072622
-1.06581410364e-13 -0.00753503213408 -0.023898590654
0.00999999999989 -0.00848139818023 -0.0232094310831
0.0199999999999 -0.00937911598312 -0.0225039507061
0.0299999999999 -0.0102324110405 -0.021782587621
0.0399999999999 -0.0110451017122 -0.0210453316929
0.0499999999999 -0.0118206685262 -0.0202917388116
0.0599999999999 -0.0125623177123 -0.0195209236158
0.0699999999999 -0.0132730426325 -0.018731528576
0.0799999999999 -0.0139556875191 -0.0179216646111
0.0899999999999 -0.014613019597 -0.0170888145127
0.0999999999999 -0.0152478190143 -0.0162296843582
0.11 -0.015863002607 -0.0153399778916
0.12 -0.016461810966 -0.014414050853
0.13 -0.0170481171139 -0.0134443687861
0.14 -0.0176269815671 -0.0124206264731
0.15 -0.0182057462319 -0.0113282528954
0.16 -0.0187964335396 -0.0101457405669
0.17 -0.0194217640386 -0.0088396636153
0.18 -0.0201331258148 -0.00735580429703
0.19 -0.0210757535989 -0.00561680114005
0.2 -0.0226607855129 -0.00372702553657
0.21 -0.0248792583767 -0.00250730902466
0.22 -0.0269080069462 -0.0019564529475
0.23 -0.0286470084363 -0.00165806016772
0.24 -0.0301775022445 -0.00146546732115
0.25 -0.0315565958284 -0.00132718027142
0.26 -0.0328199716015 -0.00122093325658
0.27 -0.0339909949201 -0.00113547182465
0.28 -0.0350858336882 -0.00106444124905
0.29 -0.0361162147647 -0.00100394981512
0.3 -0.0370909768921 -0.00095146215524
0.31 -0.0380169937968 -0.000905244283834
0.32 -0.0388997504135 -0.000864062904167
0.33 -0.039743718155 -0.000827012070443
0.34 -0.040552608362 -0.000793408068089
0.35 -0.0413295489176 -0.000762722913048
0.36 -0.0420772106961 -0.000734540750312
0.37 -0.0427979002607 -0.000708528375926
0.38 -0.0434936292419 -0.00068441477007
0.39 -0.0441661672248 -0.000661976551412
0.4 -0.0448170827315 -0.000641027424411
0.41 -0.0454477754456 -0.000621410381648
0.42 -0.0460595018877 -0.000602991846336
0.43 -0.046653396118 -0.000585657206447
0.44 -0.0472304866125 -0.00056930736371
0.45 -0.0477917101557 -0.000553856033925
0.46 -0.0483379233821 -0.000539227611196
0.47 -0.0488699124443 -0.000525355460763
0.48 -0.0493884011747 -0.000512180541398
0.49 -0.0498940580234 -0.000499650283919
0.5 -0.0503875019958 -0.000487717670737
0.51 -0.0508693077643 -0.000476340474639
0.52 -0.0513400100938 -0.00046548062481
0.53 -0.0518001076943 -0.000455103675319
0.54 -0.0522500665902 -0.000445178356743
0.55 -0.0526903230808 -0.00043567619575
0.56 -0.0531212863529 -0.000426571190547
0.57 -0.0535433407958 -0.000417839532607
0.58 -0.0539568480601 -0.000409459366889
0.59 -0.0543621488947 -0.000401410584318
0.6 -0.0547595647924 -0.00039367464138
0.61 -0.0551493994683 -0.000386234402684
0.62 -0.0555319401905 -0.000379074003016
0.63 -0.0559074589843 -0.000372178726044
0.64 -0.0562762137213 -0.000365534897288
0.65 -0.0566384491094 -0.000359129789376
0.66 -0.0569943975937 -0.00035295153791
0.67 -0.0573442801784 -0.000346989066535
0.68 -0.0576883071784 -0.000341232020011
0.69 -0.0580266789074 -0.000335670704287
0.7 -0.0583595863102 -0.000330296032684
0.71 -0.0586872115434 -0.000325099477479
0.72 -0.059009728511 -0.00032007302621
0.73 -0.0593273033579 -0.00031520914219
0.74 -0.0596400949266 -0.000310500728715
0.75 -0.0599482551795 -0.000305941096587
0.76 -0.0602519295907 -0.000301523934559
0.77 -0.0605512575091 -0.000297243282413
0.78 -0.0608463724964 -0.000293093506373
0.79 -0.0611374026416 -0.000289069276628
0.8 -0.0614244708536 -0.000285165546736
0.81 -0.061707695135 -0.000281377534738
0.82 -0.0619871888364 -0.000277700705799
0.83 -0.0622630608961 -0.000274130756235
0.84 -0.0625354160623 -0.000270663598798
0.85 -0.0628043551033 -0.000267295349099
0.86 -0.0630699750028 -0.000264022313059
0.87 -0.0633323691446 -0.00026084097531
0.88 -0.0635916274855 -0.000257747988443
0.89 -0.0638478367178 -0.000254740163048
0.9 -0.0641010804225 -0.000251814458458
0.91 -0.0643514392133 -0.000248967974158
0.92 -0.0645989908729 -0.000246197941786
0.93 -0.064843810481 -0.000243501717688
0.94 -0.0650859705352 -0.000240876775977
0.95 -0.0653255410654 -0.000238320702058
0.96 -0.0655625897421 -0.00023583118658
0.97 -0.0657971819785 -0.000233406019787
0.98 -0.0660293810273 -0.000231043086225
0.99 -0.0662592480725 -0.000228740359797
1.0 -0.066486842316 -0.000226495899121
1.01 -0.0667122210607 -0.000224307843181
1.02 -0.0669354397877 -0.000222174407245
1.03 -0.0671565522316 -0.000220093879028
1.04 -0.0673756104504 -0.000218064615093
1.05 -0.0675926648928 -0.000216085037457
1.06 -0.0678077644619 -0.000214153630402
1.07 -0.0680209565759 -0.000212268937471
1.08 -0.0682322872261 -0.000210429558638
1.09 -0.0684418010316 -0.000208634147634
1.1 -0.0686495412917 -0.000206881409431
1.11 -0.0688555500364 -0.000205170097862
1.12 -0.0690598680734 -0.00020349901337
1.13 -0.0692625350344 -0.000201867000891
1.14 -0.0694635894176 -0.000200272947836
1.15 -0.0696630686299 -0.000198715782197
1.16 -0.0698610090265 -0.000197194470742
1.17 -0.0700574459481 -0.000195708017311
1.18 -0.0702524137582 -0.000194255461199
1.19 -0.0704459458768 -0.000192835875625
1.2 -0.0706380748139 -0.000191448366275
1.21 -0.0708288322017 -0.000190092069925
1.22 -0.0710182488241 -0.000188766153125
1.23 -0.0712063546467 -0.00018746981096
1.24 -0.0713931788441 -0.000186202265862
1.25 -0.071578749827 -0.000184962766485
1.26 -0.0717630952679 -0.000183750586636
1.27 -0.0719462421252 -0.000182565024254
1.28 -0.0721282166677 -0.000181405400441
1.29 -0.0723090444964 -0.000180271058537
1.3 -0.072488750567 -0.000179161363241
1.31 -0.0726673592101 -0.00017807569977
1.32 -0.0728448941521 -0.000177013473059
1.33 -0.073021378534 -0.000175974106996
1.34 -0.0731968349299 -0.000174957043697
1.35 -0.0733712853654 -0.000173961742808
1.36 -0.0735447513341 -0.00017298768084
1.37 -0.0737172538148 -0.000172034350535
1.38 -0.0738888132868 -0.000171101260261
1.39 -0.0740594497459 -0.000170187933431
1.4 -0.0742291827183 -0.000169293907947
1.41 -0.0743980312759 -0.000168418735672
1.42 -0.0745660140487 -0.000167561981924
1.43 -0.0747331492394 -0.000166723224984
1.44 -0.0748994546348 -0.000165902055638
1.45 -0.0750649476192 -0.000165098076727
1.46 -0.0752296451854 -0.000164310902722
1.47 -0.0753935639466 -0.000163540159315
1.48 -0.0755567201472 -0.000162785483025
1.49 -0.0757191296735 -0.000162046520825
1.5 -0.075880808064 -0.00016132292978
1.51 -0.0760417705193 -0.000160614376699
1.52 -0.0762020319117 -0.000159920537808
1.53 -0.0763616067942 -0.000159241098424
1.54 -0.0765205094097 -0.000158575752657
1.55 -0.0766787536998 -0.00015792420311
1.56 -0.0768363533127 -0.000157286160599
1.57 -0.0769933216116 -0.000156661343881
1.58 -0.0771496716822 -0.000156049479393
1.59 -0.0773054163409 -0.000155450301004
1.6 -0.0774605681411 -0.000154863549769
1.61 -0.0776151393813 -0.0001542889737
1.62 -0.0777691421111 -0.000153726327543
1.63 -0.0779225881386 -0.000153175372562
1.64 -0.078075489036 -0.000152635876335
1.65 -0.0782278561464 -0.000152107612549
1.66 -0.0783797005898 -0.000151590360815
1.67 -0.0785310332683 -0.00015108390648
1.68 -0.0786818648727 -0.000150588040449
1.69 -0.0788322058871 -0.000150102559015
1.7 -0.0789820665948 -0.000149627263694
1.71 -0.0791314570831 -0.000149161961062
1.72 -0.0792803872483 -0.000148706462608
1.73 -0.0794288668009 -0.00014826058458
1.74 -0.0795769052699 -0.000147824147846
1.75 -0.0797245120073 -0.000147396977752
1.76 -0.0798716961928 -0.000146978903996
1.77 -0.0800184668381 -0.000146569760491
1.78 -0.0801648327906 -0.000146169385249
1.79 -0.080310802738 -0.000145777620255
1.8 -0.080456385212 -0.000145394311357
1.81 -0.0806015885918 -0.00014501930815
1.82 -0.0807464211083 -0.00014465246387
1.83 -0.0808908908472 -0.000144293635291
1.84 -0.0810350057532 -0.000143942682622
1.85 -0.0811787736323 -0.00014359946941
1.86 -0.0813222021562 -0.00014326386245
1.87 -0.0814652988648 -0.000142935731688
1.88 -0.0816080711695 -0.000142614950135
1.89 -0.0817505263564 -0.000142301393787
1.9 -0.0818926715888 -0.000141994941534
1.91 -0.0820345139105 -0.000141695475086
1.92 -0.0821760602485 -0.000141402878897
1.93 -0.0823173174156 -0.000141117040086
1.94 -0.0824582921127 -0.000140837848367
1.95 -0.0825989909322 -0.000140565195979
1.96 -0.0827394203598 -0.00014029897762
1.97 -0.0828795867769 -0.000140039090377
1.98 -0.0830194964634 -0.000139785433668
1.99 -0.0831591555999 -0.000139537909176
2.0 -0.0832985702695 -0.00013929642079
2.01 -0.0834377464605 -0.000139060874552
2.02 -0.0835766900683 -0.000138831178594
2.03 -0.0837154068973 -0.000138607243088
2.04 -0.0838539026634 -0.000138388980193
2.05 -0.0839921829953 -0.000138176304002
2.06 -0.0841302534369 -0.000137969130496
2.07 -0.0842681194492 -0.000137767377491
2.08 -0.0844057864117 -0.000137570964598
2.09 -0.0845432596244 -0.00013737981317
2.1 -0.0846805443097 -0.000137193846267
2.11 -0.0848176456137 -0.000137012988604
2.12 -0.0849545686082 -0.000136837166518
2.13 -0.085091318292 -0.000136666307923
2.14 -0.0852278995929 -0.000136500342273
2.15 -0.0853643173685 -0.000136339200524
2.16 -0.0855005764083 -0.000136182815096
2.17 -0.0856366814351 -0.000136031119839
2.18 -0.085772637106 -0.000135884049999
2.19 -0.0859084480143 -0.000135741542182
2.2 -0.0860441186903 -0.000135603534323
2.21 -0.0861796536031 -0.000135469965654
2.22 -0.0863150571616 -0.000135340776673
2.23 -0.0864503337158 -0.000135215909114
2.24 -0.0865854875582 -0.000135095305919
2.25 -0.0867205229247 -0.000134978911206
2.26 -0.0868554439959 -0.000134866670248
2.27 -0.0869902548983 -0.000134758529439
2.28 -0.0871249597054 -0.000134654436273
2.29 -0.0872595624387 -0.000134554339317
2.3 -0.0873940670687 -0.000134458188186
2.31 -0.0875284775161 -0.000134365933519
2.32 -0.0876627976529 -0.000134277526957
2.33 -0.087797031303 -0.00013419292112
2.34 -0.0879311822436 -0.000134112069583
2.35 -0.0880652542058 -0.000134034926857
2.36 -0.0881992508758 -0.000133961448366
2.37 -0.0883331758956 -0.000133891590429
2.38 -0.088467032864 -0.000133825310238
2.39 -0.0886008253374 -0.000133762565841
2.4 -0.0887345568307 -0.000133703316119
2.41 -0.0888682308181 -0.000133647520774
2.42 -0.0890018507339 -0.000133595140306
2.43 -0.0891354199732 -0.000133546135997
2.44 -0.089268941893 -0.000133500469896
2.45 -0.0894024198126 -0.000133458104799
2.46 -0.0895358570144 -0.000133419004238
2.47 -0.0896692567447 -0.00013338313246
2.48 -0.0898026222147 -0.000133350454415
2.49 -0.0899359566004 -0.000133320935742
2.5 -0.0900692630442 -0.000133294542749
2.51 -0.0902025446549 -0.000133271242407
2.52 -0.0903358045088 -0.000133251002331
2.53 -0.09046904565 -0.000133233790765
2.54 -0.0906022710912 -0.000133219576576
2.55 -0.0907354838141 -0.000133208329235
2.56 -0.0908686867706 -0.000133200018805
2.57 -0.0910018828825 -0.000133194615932
2.58 -0.0911350750428 -0.000133192091833
2.59 -0.0912682661159 -0.000133192418281
2.6 -0.0914014589384 -0.000133195567596
2.61 -0.0915346563192 -0.000133201512635
2.62 -0.0916678610405 -0.000133210226779
2.63 -0.0918010758583 -0.000133221683926
2.64 -0.0919343035025 -0.000133235858477
2.65 -0.0920675466778 -0.000133252725327
2.66 -0.0922008080639 -0.000133272259858
2.67 -0.0923340903163 -0.000133294437925
2.68 -0.0924673960664 -0.000133319235853
2.69 -0.0926007279224 -0.000133346630421
2.7 -0.0927340884693 -0.000133376598859
2.71 -0.0928674802695 -0.000133409118834
2.72 -0.0930009058637 -0.000133444168446
2.73 -0.0931343677703 -0.000133481726221
2.74 -0.093267868487 -0.000133521771096
2.75 -0.0934014104903 -0.000133564282418
2.76 -0.0935349962364 -0.000133609239934
2.77 -0.0936686281614 -0.000133656623782
2.78 -0.0938023086817 -0.000133706414487
2.79 -0.0939360401944 -0.00013375859295
2.8 -0.0940698250778 -0.000133813140446
2.81 -0.0942036656917 -0.000133870038611
2.82 -0.0943375643775 -0.000133929269442
2.83 -0.0944715234589 -0.000133990815285
2.84 -0.0946055452421 -0.000134054658832
2.85 -0.0947396320162 -0.000134120783114
2.86 -0.0948737860536 -0.000134189171492
2.87 -0.0950080096099 -0.000134259807659
2.88 -0.0951423049249 -0.000134332675623
2.89 -0.0952766742224 -0.000134407759713
2.9 -0.0954111197107 -0.000134485044564
2.91 -0.095545643583 -0.000134564515116
2.92 -0.0956802480173 -0.000134646156611
2.93 -0.0958149351773 -0.000134729954582
2.94 -0.0959497072123 -0.000134815894852
2.95 -0.0960845662575 -0.000134903963528
2.96 -0.0962195144344 -0.000134994146997
2.97 -0.096354553851 -0.000135086431921
2.98 -0.0964896866021 -0.000135180805229
2.99 -0.0966249147696 -0.000135277254119
3.0 -0.0967602404226 -0.000135375766048
3.01 -0.0968956656181 -0.000135476328731
3.02 -0.0970311924005 -0.000135578930134
3.03 -0.0971668228027 -0.000135683558474
3.04 -0.0973025588456 -0.000135790202209
3.05 -0.097438402539 -0.000135898850039
3.06 -0.0975743558813 -0.000136009490903
3.07 -0.0977104208601 -0.000136122113969
3.08 -0.097846599452 -0.000136236708635
3.09 -0.0979828936236 -0.000136353264527
3.1 -0.0981193053307 -0.000136471771491
3.11 -0.0982558365195 -0.00013659221959
3.12 -0.0983924891261 -0.000136714599106
3.13 -0.098529265077 -0.00013683890053
3.14 -0.0986661662896 -0.000136965114562
3.15 -0.0988031946716 -0.000137093232108
3.16 -0.0989403521222 -0.000137223244276
3.17 -0.0990776405315 -0.000137355142374
3.18 -0.0992150617811 -0.000137488917905
3.19 -0.0993526177443 -0.000137624562565
3.2 -0.0994903102859 -0.000137762068244
3.21 -0.099628141263 -0.000137901427015
3.22 -0.0997661125248 -0.00013804263114
3.23 -0.0999042259127 -0.000138185673061
3.24 -0.100042483261 -0.000138330545401
3.25 -0.100180886396 -0.000138477240959
3.26 -0.100319437137 -0.000138625752711
3.27 -0.100458137298 -0.000138776073802
3.28 -0.100596988684 -0.000138928197549
3.29 -0.100735993094 -0.000139082117436
3.3 -0.100875152322 -0.000139237827113
3.31 -0.101014468154 -0.000139395320392
3.32 -0.10115394237 -0.000139554591246
3.33 -0.101293576746 -0.000139715633805
3.34 -0.101433373049 -0.000139878442359
3.35 -0.101573333044 -0.00014004301135
3.36 -0.101713458487 -0.000140209335372
3.37 -0.101853751131 -0.000140377409171
3.38 -0.101994212724 -0.000140547227641
3.39 -0.102134845007 -0.000140718785823
3.4 -0.102275649717 -0.0001408920789
3.41 -0.102416628588 -0.000141067102202
3.42 -0.102557783346 -0.000141243851196
3.43 -0.102699115716 -0.000141422321493
3.44 -0.102840627417 -0.000141602508838
3.45 -0.102982320163 -0.000141784409114
3.46 -0.103124195665 -0.000141968018336
3.47 -0.103266255631 -0.000142153332655
3.48 -0.103408501764 -0.000142340348351
3.49 -0.103550935762 -0.000142529061834
3.5 -0.103693559323 -0.000142719469643
3.51 -0.103836374138 -0.000142911568443
3.52 -0.103979381897 -0.000143105355025
3.53 -0.104122584286 -0.000143300826303
3.54 -0.104265982989 -0.000143497979314
3.55 -0.104409579685 -0.000143696811216
3.56 -0.104553376053 -0.000143897319287
3.57 -0.104697373766 -0.000144099500923
3.58 -0.104841574497 -0.000144303353638
3.59 -0.104985979917 -0.000144508875062
3.6 -0.105130591692 -0.000144716062939
3.61 -0.105275411488 -0.000144924915129
3.62 -0.105420440968 -0.000145135429601
3.63 -0.105565681794 -0.000145347604438
3.64 -0.105711135624 -0.000145561437832
3.65 -0.105856804117 -0.000145776928086
3.66 -0.106002688929 -0.000145994073609
3.67 -0.106148791713 -0.000146212872918
3.68 -0.106295114124 -0.000146433324636
3.69 -0.106441657812 -0.000146655427491
3.7 -0.106588424429 -0.000146879180316
3.71 -0.106735415623 -0.000147104582047
3.72 -0.106882633043 -0.00014733163172
3.73 -0.107030078337 -0.000147560328476
3.74 -0.107177753151 -0.000147790671554
3.75 -0.107325659132 -0.000148022660294
3.76 -0.107473797924 -0.000148256294133
3.77 -0.107622171172 -0.000148491572608
3.78 -0.107770780521 -0.000148728495352
3.79 -0.107919627615 -0.000148967062096
3.8 -0.108068714097 -0.000149207272664
3.81 -0.108218041612 -0.000149449126976
3.82 -0.108367611803 -0.000149692625048
3.83 -0.108517426314 -0.000149937766988
3.84 -0.108667486789 -0.000150184552995
3.85 -0.108817794872 -0.000150432983363
3.86 -0.108968352207 -0.000150683058476
3.87 -0.10911916044 -0.000150934778809
3.88 -0.109270221216 -0.000151188144927
3.89 -0.109421536182 -0.000151443157485
3.9 -0.109573106982 -0.000151699817227
3.91 -0.109724935267 -0.000151958124985
3.92 -0.109877022683 -0.000152218081679
3.93 -0.11002937088 -0.000152479688316
3.94 -0.110181981509 -0.000152742945989
3.95 -0.110334856221 -0.00015300785588
3.96 -0.11048799667 -0.000153274419254
3.97 -0.110641404508 -0.000153542637463
3.98 -0.110795081392 -0.000153812511942
3.99 -0.110949028979 -0.000154084044211
4.0 -0.111103248928 -0.000154357235875
4.01 -0.111257742897 -0.000154632088621
4.02 -0.111412512551 -0.00015490860422
4.03 -0.111567559551 -0.000155186784524
4.04 -0.111722885564 -0.00015546663147
4.05 -0.111878492258 -0.000155748147073
4.06 -0.112034381301 -0.000156031333433
4.07 -0.112190554367 -0.00015631619273
4.08 -0.112347013128 -0.000156602727223
4.09 -0.112503759262 -0.000156890939254
4.1 -0.112660794447 -0.000157180831243
4.11 -0.112818120364 -0.000157472405691
4.12 -0.112975738697 -0.000157765665177
4.13 -0.113133651132 -0.000158060612363
4.14 -0.113291859358 -0.000158357249984
4.15 -0.113450365067 -0.000158655580859
4.16 -0.113609169954 -0.000158955607883
4.17 -0.113768275717 -0.000159257334029
4.18 -0.113927684055 -0.000159560762348
4.19 -0.114087396673 -0.000159865895969
4.2 -0.114247415277 -0.000160172738099
4.21 -0.114407741578 -0.000160481292021
4.22 -0.11456837729 -0.000160791561097
4.23 -0.114729324128 -0.000161103548763
4.24 -0.114890583813 -0.000161417258536
4.25 -0.11505215807 -0.000161732694005
4.26 -0.115214048625 -0.000162049858838
4.27 -0.115376257209 -0.000162368756779
4.28 -0.115538785559 -0.000162689391649
4.29 -0.115701635412 -0.000163011767342
4.3 -0.115864808512 -0.000163335887831
4.31 -0.116028306605 -0.000163661757164
4.32 -0.116192131442 -0.000163989379463
4.33 -0.116356284778 -0.00016431875893
4.34 -0.116520768373 -0.000164649899836
4.35 -0.116685583989 -0.000164982806534
4.36 -0.116850733396 -0.000165317483449
4.37 -0.117016218365 -0.000165653935081
4.38 -0.117182040673 -0.000165992166008
4.39 -0.117348202102 -0.00016633218088
4.4 -0.117514704439 -0.000166673984425
4.41 -0.117681549473 -0.000167017581445
4.42 -0.117848739002 -0.000167362976818
4.43 -0.118016274826 -0.000167710175497
4.44 -0.11818415875 -0.000168059182509
4.45 -0.118352392586 -0.000168410002958
4.46 -0.11852097815 -0.000168762642023
4.47 -0.118689917262 -0.000169117104959
4.48 -0.11885921175 -0.000169473397094
4.49 -0.119028863445 -0.000169831523834
4.5 -0.119198874184 -0.00017019149066
4.51 -0.119369245811 -0.000170553303129
4.52 -0.119539980173 -0.000170916966871
4.53 -0.119711079126 -0.000171282487595
4.54 -0.119882544528 -0.000171649871084
4.55 -0.120054378245 -0.000172019123198
4.56 -0.120226582149 -0.000172390249873
4.57 -0.120399158118 -0.000172763257121
4.58 -0.120572108035 -0.000173138151029
4.59 -0.120745433789 -0.000173514937763
4.6 -0.120919137277 -0.000173893623564
4.61 -0.121093220401 -0.000174274214749
4.62 -0.121267685069 -0.000174656717714
4.63 -0.121442533197 -0.000175041138931
4.64 -0.121617766706 -0.000175427484949
4.65 -0.121793387523 -0.000175815762394
4.66 -0.121969397584 -0.000176205977972
4.67 -0.122145798831 -0.000176598138463
4.68 -0.122322593211 -0.000176992250728
4.69 -0.122499782679 -0.000177388321705
4.7 -0.122677369199 -0.000177786358411
4.71 -0.122855354738 -0.000178186367941
4.72 -0.123033741275 -0.000178588357469
4.73 -0.123212530791 -0.00017899233425
4.74 -0.123391725278 -0.000179398305614
4.75 -0.123571326735 -0.000179806278976
4.76 -0.123751337166 -0.000180216261826
4.77 -0.123931758586 -0.000180628261738
4.78 -0.124112593015 -0.000181042286365
4.79 -0.124293842481 -0.000181458343439
4.8 -0.124475509022 -0.000181876440775
4.81 -0.12465759468 -0.000182296586269
4.82 -0.124840101509 -0.000182718787899
4.83 -0.125023031568 -0.000183143053724
4.84 -0.125206386926 -0.000183569391886
4.85 -0.125390169658 -0.000183997810609
4.86 -0.125574381851 -0.0001844283182
4.87 -0.125759025596 -0.00018486092305
4.88 -0.125944102995 -0.000185295633633
4.89 -0.126129616158 -0.000185732458506
4.9 -0.126315567204 -0.000186171406313
4.91 -0.12650195826 -0.00018661248578
4.92 -0.126688791462 -0.00018705570572
4.93 -0.126876068955 -0.000187501075031
4.94 -0.127063792893 -0.000187948602696
4.95 -0.127251965438 -0.000188398297785
4.96 -0.127440588763 -0.000188850169455
4.97 -0.127629665048 -0.00018930422695
4.98 -0.127819196485 -0.000189760479601
4.99 -0.128009185273 -0.000190218936828
5.0 -0.128199633621 -0.000190679608139
5.01 -0.128390543748 -0.00019114250313
5.02 -0.128581917882 -0.000191607631488
5.03 -0.128773758263 -0.00019207500299
5.04 -0.128966067137 -0.0001925446275
5.05 -0.129158846764 -0.000193016514977
5.06 -0.12935209941 -0.000193490675469
5.07 -0.129545827353 -0.000193967119117
5.08 -0.129740032883 -0.000194445856152
5.09 -0.129934718298 -0.000194926896901
5.1 -0.130129885906 -0.000195410251783
5.11 -0.130325538026 -0.00019589593131
5.12 -0.13052167699 -0.000196383946089
5.13 -0.130718305137 -0.000196874306823
5.14 -0.130915424818 -0.000197367024309
5.15 -0.131113038396 -0.000197862109441
5.16 -0.131311148244 -0.00019835957321
5.17 -0.131509756746 -0.000198859426703
5.18 -0.131708866297 -0.000199361681107
5.19 -0.131908479304 -0.000199866347705
5.2 -0.132108598185 -0.000200373437881
5.21 -0.132309225368 -0.000200882963118
5.22 -0.132510363295 -0.000201394934999
5.23 -0.132712014419 -0.000201909365208
5.24 -0.132914181202 -0.000202426265532
5.25 -0.133116866122 -0.000202945647858
5.26 -0.133320071667 -0.000203467524178
5.27 -0.133523800335 -0.000203991906587
5.28 -0.13372805464 -0.000204518807283
5.29 -0.133932837106 -0.000205048238572
5.3 -0.13413815027 -0.000205580212861
5.31 -0.13434399668 -0.000206114742669
5.32 -0.134550378899 -0.000206651840618
5.33 -0.134757299501 -0.000207191519439
5.34 -0.134964761073 -0.000207733791973
5.35 -0.135172766216 -0.000208278671168
5.36 -0.135381317543 -0.000208826170084
5.37 -0.135590417679 -0.00020937630189
5.38 -0.135800069264 -0.00020992907987
5.39 -0.136010274952 -0.000210484517416
5.4 -0.136221037408 -0.000211042628038
5.41 -0.136432359312 -0.000211603425355
5.42 -0.136644243359 -0.000212166923105
5.43 -0.136856692254 -0.000212733135141
5.44 -0.137069708719 -0.00021330207543
5.45 -0.137283295491 -0.000213873758059
5.46 -0.137497455317 -0.000214448197233
5.47 -0.137712190961 -0.000215025407276
5.48 -0.137927505203 -0.00021560540263
5.49 -0.138143400833 -0.00021618819786
5.5 -0.13835988066 -0.000216773807654
5.51 -0.138576947506 -0.000217362246819
5.52 -0.138794604206 -0.00021795353029
5.53 -0.139012853613 -0.000218547673123
5.54 -0.139231698594 -0.000219144690502
5.55 -0.139451142031 -0.000219744597737
5.56 -0.139671186821 -0.000220347410264
5.57 -0.139891835878 -0.000220953143649
5.58 -0.140113092129 -0.000221561813587
5.59 -0.140334958521 -0.000222173435905
5.6 -0.140557438012 -0.000222788026558
5.61 -0.140780533579 -0.000223405601638
5.62 -0.141004248215 -0.000224026177368
5.63 -0.141228584928 -0.000224649770105
5.64 -0.141453546744 -0.000225276396344
5.65 -0.141679136704 -0.000225906072715
5.66 -0.141905357867 -0.000226538815988
5.67 -0.142132213308 -0.000227174643069
5.68 -0.142359706119 -0.000227813571007
5.69 -0.142587839411 -0.000228455616991
5.7 -0.142816616308 -0.000229100798353
5.71 -0.143046039956 -0.000229749132569
5.72 -0.143276113517 -0.000230400637258
5.73 -0.143506840168 -0.000231055330187
5.74 -0.143738223108 -0.00023171322927
5.75 -0.143970265552 -0.000232374352568
5.76 -0.144202970733 -0.000233038718294
5.77 -0.144436341902 -0.000233706344809
5.78 -0.144670382329 -0.000234377250629
5.79 -0.144905095303 -0.000235051454422
5.8 -0.145140484132 -0.000235728975011
5.81 -0.145376552142 -0.000236409831376
5.82 -0.145613302677 -0.000237094042654
5.83 -0.145850739102 -0.000237781628139
5.84 -0.146088864802 -0.000238472607287
5.85 -0.146327683179 -0.000239166999717
5.86 -0.146567197657 -0.000239864825207
5.87 -0.146807411678 -0.000240566103702
5.88 -0.147048328706 -0.000241270855312
5.89 -0.147289952224 -0.000241979100315
5.9 -0.147532285736 -0.000242690859157
5.91 -0.147775332765 -0.000243406152454
5.92 -0.148019096856 -0.000244125000992
5.93 -0.148263581574 -0.000244847425735
5.94 -0.148508790508 -0.000245573447815
5.95 -0.148754727264 -0.000246303088547
5.96 -0.149001395472 -0.000247036369418
5.97 -0.149248798782 -0.000247773312097
5.98 -0.149496940868 -0.000248513938435
5.99 -0.149745825424 -0.000249258270464
6.0 -0.149995456166 -0.0002500063304
6.01 -0.150245836834 -0.000250758140645
6.02 -0.15049697119 -0.000251513723789
6.03 -0.150748863017 -0.000252273102611
6.04 -0.151001516122 -0.000253036300082
6.05 -0.151254934336 -0.000253803339364
6.06 -0.151509121512 -0.000254574243815
6.07 -0.151764081528 -0.000255349036987
6.08 -0.152019818282 -0.000256127742632
6.09 -0.152276335701 -0.000256910384701
6.1 -0.152533637731 -0.000257696987347
6.11 -0.152791728347 -0.000258487574928
6.12 -0.153050611545 -0.000259282172003
6.13 -0.153310291346 -0.000260080803344
6.14 -0.153570771798 -0.000260883493928
6.15 -0.153832056973 -0.000261690268945
6.16 -0.154094150966 -0.000262501153797
6.17 -0.154357057902 -0.000263316174104
6.18 -0.154620781927 -0.000264135355701
6.19 -0.154885327217 -0.000264958724641
6.2 -0.155150697972 -0.000265786307201
6.21 -0.155416898418 -0.00026661812988
6.22 -0.15568393281 -0.000267454219404
6.23 -0.155951805426 -0.000268294602724
6.24 -0.156220520575 -0.000269139307023
6.25 -0.15649008259 -0.000269988359717
6.26 -0.156760495835 -0.000270841788453
6.27 -0.157031764699 -0.000271699621117
6.28 -0.1573038936 -0.000272561885833
6.29 -0.157576886984 -0.000273428610966
6.3 -0.157850749326 -0.000274299825126
6.31 -0.158125485128 -0.000275175557167
6.32 -0.158401098924 -0.000276055836191
6.33 -0.158677595275 -0.000276940691552
6.34 -0.158954978772 -0.000277830152857
6.35 -0.159233254036 -0.000278724249967
6.36 -0.159512425717 -0.000279623013002
6.37 -0.159792498496 -0.000280526472344
6.38 -0.160073477086 -0.000281434658635
6.39 -0.160355366228 -0.000282347602785
6.4 -0.160638170695 -0.000283265335973
6.41 -0.160921895293 -0.000284187889647
6.42 -0.161206544857 -0.000285115295529
6.43 -0.161492124256 -0.000286047585618
6.44 -0.161778638389 -0.000286984792194
6.45 -0.16206609219 -0.000287926947816
6.46 -0.162354490624 -0.000288874085328
6.47 -0.162643838689 -0.000289826237864
6.48 -0.162934141417 -0.000290783438848
6.49 -0.163225403873 -0.000291745721995
6.5 -0.163517631156 -0.000292713121319
6.51 -0.163810828399 -0.000293685671133
6.52 -0.164105000769 -0.000294663406051
6.53 -0.164400153471 -0.000295646360995
6.54 -0.16469629174 -0.000296634571195
6.55 -0.164993420849 -0.000297628072191
6.56 -0.165291546108 -0.000298626899839
6.57 -0.165590672861 -0.000299631090316
6.58 -0.165890806489 -0.000300640680116
6.59 -0.16619195241 -0.00030165570606
6.6 -0.166494116077 -0.000302676205299
6.61 -0.166797302983 -0.000303702215312
6.62 -0.167101518658 -0.000304733773916
6.63 -0.167406768669 -0.000305770919264
6.64 -0.167713058621 -0.000306813689855
6.65 -0.16802039416 -0.000307862124528
6.66 -0.168328780969 -0.000308916262477
6.67 -0.168638224771 -0.000309976143244
6.68 -0.168948731328 -0.00031104180673
6.69 -0.169260306443 -0.000312113293197
6.7 -0.16957295596 -0.00031319064327
6.71 -0.169886685762 -0.000314273897941
6.72 -0.170201501774 -0.000315363098576
6.73 -0.170517409963 -0.000316458286915
6.74 -0.170834416338 -0.000317559505079
6.75 -0.171152526949 -0.000318666795573
6.76 -0.17147174789 -0.000319780201288
6.77 -0.171792085299 -0.000320899765508
6.78 -0.172113545354 -0.000322025531916
6.79 -0.17243613428 -0.000323157544591
6.8 -0.172759858346 -0.000324295848019
6.81 -0.173084723865 -0.000325440487097
6.82 -0.173410737193 -0.000326591507132
6.83 -0.173737904736 -0.000327748953852
6.84 -0.174066232943 -0.000328912873405
6.85 -0.17439572831 -0.00033008331237
6.86 -0.174726397379 -0.000331260317753
6.87 -0.175058246741 -0.000332443937001
6.88 -0.175391283033 -0.000333634218
6.89 -0.17572551294 -0.000334831209082
6.9 -0.176060943198 -0.000336034959032
6.91 -0.176397580589 -0.000337245517088
6.92 -0.176735431946 -0.000338462932953
6.93 -0.177074504152 -0.000339687256792
6.94 -0.17741480414 -0.000340918539243
6.95 -0.177756338894 -0.000342156831423
6.96 -0.178099115449 -0.000343402184927
6.97 -0.178443140893 -0.000344654651839
6.98 -0.178788422364 -0.000345914284735
6.99 -0.179134967056 -0.000347181136691
7.0 -0.179482782213 -0.000348455261283
7.01 -0.179831875136 -0.000349736712601
7.02 -0.180182253178 -0.000351025545246
7.03 -0.180533923748 -0.000352321814342
7.04 -0.180886894309 -0.000353625575539
7.05 -0.181241172382 -0.00035493688502
7.06 -0.181596765544 -0.000356255799508
7.07 -0.181953681427 -0.000357582376268
7.08 -0.182311927723 -0.000358916673119
7.09 -0.182671512181 -0.000360258748435
7.1 -0.183032442607 -0.000361608661156
7.11 -0.183394726871 -0.00036296647079
7.12 -0.183758372897 -0.000364332237424
7.13 -0.184123388673 -0.000365706021726
7.14 -0.184489782247 -0.000367087884956
7.15 -0.184857561729 -0.00036847788897
7.16 -0.185226735291 -0.000369876096227
7.17 -0.185597311166 -0.0003712825698
7.18 -0.185969297653 -0.000372697373375
7.19 -0.186342703115 -0.000374120571268
7.2 -0.186717535976 -0.000375552228424
7.21 -0.18709380473 -0.000376992410429
7.22 -0.187471517933 -0.000378441183517
7.23 -0.187850684211 -0.000379898614575
7.24 -0.188231312254 -0.000381364771155
7.25 -0.188613410822 -0.000382839721476
7.26 -0.188996988742 -0.00038432353444
7.27 -0.189382054913 -0.000385816279631
7.28 -0.189768618301 -0.000387318027329
7.29 -0.190156687943 -0.000388828848517
7.3 -0.190546272949 -0.00039034881489
7.31 -0.1909373825 -0.000391877998861
7.32 -0.19133002585 -0.000393416473571
7.33 -0.191724212326 -0.000394964312899
7.34 -0.192119951329 -0.00039652159147
7.35 -0.192517252337 -0.000398088384662
7.36 -0.192916124902 -0.000399664768618
7.37 -0.193316578652 -0.000401250820255
7.38 -0.193718623294 -0.000402846617271
7.39 -0.194122268612 -0.000404452238155
7.4 -0.194527524469 -0.000406067762199
7.41 -0.194934400808 -0.000407693269508
7.42 -0.195342907653 -0.000409328841004
7.43 -0.195753055108 -0.000410974558444
7.44 -0.19616485336 -0.000412630504423
7.45 -0.19657831268 -0.000414296762392
7.46 -0.19699344342 -0.000415973416661
7.47 -0.197410256019 -0.000417660552414
7.48 -0.197828761002 -0.000419358255718
7.49 -0.198248968979 -0.000421066613536
7.5 -0.198670890648 -0.000422785713735
7.51 -0.199094536796 -0.000424515645102
7.52 -0.199519918298 -0.000426256497348
7.53 -0.19994704612 -0.000428008361129
7.54 -0.200375931319 -0.000429771328048
7.55 -0.200806585044 -0.000431545490676
7.56 -0.201239018537 -0.000433330942557
7.57 -0.201673243134 -0.000435127778225
7.58 -0.202109270267 -0.000436936093214
7.59 -0.202547111462 -0.000438755984071
7.6 -0.202986778344 -0.00044058754837
7.61 -0.203428282635 -0.000442430884724
7.62 -0.203871636156 -0.000444286092797
7.63 -0.204316850829 -0.000446153273323
7.64 -0.204763938678 -0.000448032528111
7.65 -0.205212911826 -0.000449923960066
7.66 -0.205663782504 -0.0004518276732
7.67 -0.206116563044 -0.000453743772646
7.68 -0.206571265885 -0.000455672364675
7.69 -0.207027903573 -0.000457613556708
7.7 -0.207486488762 -0.00045956745733
7.71 -0.207947034215 -0.000461534176311
7.72 -0.208409552805 -0.000463513824614
7.73 -0.208874057517 -0.000465506514415
7.74 -0.209340561448 -0.000467512359119
7.75 -0.209809077812 -0.000469531473373
7.76 -0.210279619933 -0.000471563973087
7.77 -0.210752201257 -0.000473609975445
7.78 -0.211226835344 -0.000475669598927
7.79 -0.211703535874 -0.000477742963322
7.8 -0.212182316649 -0.000479830189748
7.81 -0.212663191592 -0.000481931400671
7.82 -0.213146174748 -0.000484046719919
7.83 -0.213631280287 -0.0004861762727
7.84 -0.214118522506 -0.000488320185626
7.85 -0.214607915829 -0.000490478586727
7.86 -0.215099474807 -0.000492651605471
7.87 -0.215593214123 -0.000494839372785
7.88 -0.216089148592 -0.000497042021072
7.89 -0.21658729316 -0.000499259684232
7.9 -0.21708766291 -0.000501492497686
7.91 -0.21759027306 -0.000503740598389
7.92 -0.218095138965 -0.000506004124858
7.93 -0.218602276121 -0.00050828321719
7.94 -0.219111700163 -0.000510578017086
7.95 -0.219623426871 -0.000512888667868
7.96 -0.220137472167 -0.000515215314506
7.97 -0.220653852119 -0.00051755810364
7.98 -0.221172582944 -0.000519917183602
7.99 -0.221693681006 -0.000522292704439
8.0 -0.222217162822 -0.000524684817938
8.01 -0.222743045059 -0.00052709367765
8.02 -0.223271344543 -0.000529519438914
8.03 -0.223802078251 -0.000531962258884
8.04 -0.224335263321 -0.000534422296549
8.05 -0.224870917051 -0.000536899712767
8.06 -0.225409056899 -0.000539394670282
8.07 -0.225949700489 -0.000541907333761
8.08 -0.226492865609 -0.000544437869813
8.09 -0.227038570215 -0.000546986447016
8.1 -0.227586832432 -0.000549553235954
8.11 -0.228137670559 -0.000552138409235
8.12 -0.228691103064 -0.000554742141529
8.13 -0.229247148596 -0.000557364609588
8.14 -0.229805825978 -0.000560005992285
8.15 -0.230367154215 -0.00056266647064
8.16 -0.230931152493 -0.000565346227849
8.17 -0.231497840182 -0.00056804544932
8.18 -0.232067236841 -0.000570764322704
8.19 -0.232639362214 -0.000573503037924
8.2 -0.233214236238 -0.000576261787212
8.21 -0.233791879045 -0.000579040765141
8.22 -0.23437231096 -0.00058184016866
8.23 -0.234955552507 -0.000584660197127
8.24 -0.235541624412 -0.000587501052347
8.25 -0.236130547601 -0.000590362938606
8.26 -0.236722343209 -0.000593246062711
8.27 -0.237317032577 -0.00059615063402
8.28 -0.237914637257 -0.000599076864491
8.29 -0.238515179015 -0.000602024968708
8.3 -0.239118679831 -0.000604995163931
8.31 -0.239725161905 -0.00060798767013
8.32 -0.240334647659 -0.000611002710028
8.33 -0.240947159739 -0.000614040509141
8.34 -0.241562721015 -0.000617101295819
8.35 -0.24218135459 -0.000620185301295
8.36 -0.242803083799 -0.000623292759719
8.37 -0.243427932213 -0.000626423908212
8.38 -0.244055923639 -0.000629578986905
8.39 -0.244687082128 -0.000632758238984
8.4 -0.245321431977 -0.000635961910745
8.41 -0.245958997726 -0.000639190251632
8.42 -0.246599804172 -0.00064244351429
8.43 -0.247243876362 -0.000645721954615
8.44 -0.247891239602 -0.000649025831802
8.45 -0.248541919459 -0.0006523554084
8.46 -0.249195941763 -0.000655710950358
8.47 -0.249853332614 -0.000659092727083
8.48 -0.250514118381 -0.000662501011494
8.49 -0.251178325709 -0.000665936080071
8.5 -0.25184598152 -0.000669398212921
8.51 -0.252517113018 -0.000672887693826
8.52 -0.253191747695 -0.000676404810305
8.53 -0.253869913329 -0.000679949853672
8.54 -0.254551637995 -0.000683523119099
8.55 -0.25523695006 -0.000687124905673
8.56 -0.255925878197 -0.000690755516463
8.57 -0.256618451382 -0.000694415258581
8.58 -0.2573146989 -0.000698104443244
8.59 -0.258014650349 -0.000701823385847
8.6 -0.258718335645 -0.000705572406026
8.61 -0.259425785027 -0.000709351827725
8.62 -0.260137029057 -0.000713161979274
8.63 -0.26085209863 -0.000717003193446
8.64 -0.261571024977 -0.000720875807544
8.65 -0.262293839664 -0.000724780163468
8.66 -0.263020574607 -0.000728716607789
8.67 -0.263751262066 -0.000732685491831
8.68 -0.264485934658 -0.000736687171744
8.69 -0.265224625357 -0.000740722008587
8.7 -0.2659673675 -0.000744790368409
8.71 -0.266714194795 -0.000748892622331
8.72 -0.267465141321 -0.000753029146631
8.73 -0.268220241537 -0.00075720032283
8.74 -0.268979530286 -0.00076140653778
8.75 -0.269743042802 -0.000765648183754
8.76 -0.27051081471 -0.000769925658538
8.77 -0.271282882041 -0.00077423936552
8.78 -0.272059281227 -0.000778589713792
8.79 -0.272840049116 -0.000782977118239
8.8 -0.27362522297 -0.000787401999645
8.81 -0.27441484048 -0.00079186478479
8.82 -0.275208939761 -0.000796365906553
8.83 -0.276007559367 -0.000800905804016
8.84 -0.276810738294 -0.000805484922574
8.85 -0.277618515987 -0.000810103714042
8.86 -0.278430932344 -0.000814762636765
8.87 -0.279248027728 -0.000819462155737
8.88 -0.280069842966 -0.00082420274271
8.89 -0.280896419363 -0.000828984876316
8.9 -0.281727798707 -0.000833809042188
8.91 -0.282564023272 -0.000838675733081
8.92 -0.283405135831 -0.000843585449001
8.93 -0.284251179658 -0.00084853869733
8.94 -0.285102198542 -0.000853535992956
8.95 -0.285958236787 -0.000858577858415
8.96 -0.286819339225 -0.000863664824016
8.97 -0.287685551221 -0.000868797427987
8.98 -0.288556918685 -0.000873976216618
8.99 -0.289433488074 -0.000879201744403
9.0 -0.290315306405 -0.000884474574188
9.01 -0.291202421263 -0.000889795277326
9.02 -0.292094880808 -0.000895164433828
9.03 -0.292992733783 -0.000900582632524
9.04 -0.293896029525 -0.000906050471222
9.05 -0.294804817975 -0.000911568556873
9.06 -0.295719149683 -0.000917137505741
9.07 -0.296639075822 -0.000922757943574
9.08 -0.297564648195 -0.000928430505778
9.09 -0.298495919243 -0.000934155837598
9.1 -0.29943294206 -0.000939934594302
9.11 -0.3003757704 -0.000945767441367
9.12 -0.301324458687 -0.000951655054672
9.13 -0.302279062024 -0.00095759812069
9.14 -0.30323963621 -0.000963597336694
9.15 -0.304206237744 -0.000969653410955
9.16 -0.305178923838 -0.000975767062955
9.17 -0.306157752432 -0.0009819390236
9.18 -0.3071427822 -0.000988170035436
9.19 -0.308134072566 -0.000994460852875
9.2 -0.309131683714 -0.00100081224242
9.21 -0.3101356766 -0.00100722498291
9.22 -0.311146112964 -0.00101369986572
9.23 -0.312163055347 -0.00102023769508
9.24 -0.313186567098 -0.00102683928824
9.25 -0.314216712391 -0.00103350547578
9.26 -0.315253556235 -0.00104023710184
9.27 -0.316297164494 -0.00104703502443
9.28 -0.317347603893 -0.00105390011565
9.29 -0.318404942039 -0.001060833262
9.3 -0.31946924743 -0.00106783536467
9.31 -0.320540589475 -0.00107490733981
9.32 -0.321619038507 -0.00108205011885
9.33 -0.322704665794 -0.0010892646488
9.34 -0.323797543565 -0.00109655189257
9.35 -0.324897745013 -0.00110391282925
9.36 -0.326005344325 -0.00111134845452
9.37 -0.327120416687 -0.00111885978091
9.38 -0.328243038308 -0.00112644783818
9.39 -0.329373286435 -0.00113411367366
9.4 -0.330511239372 -0.00114185835263
9.41 -0.331656976496 -0.00114968295867
9.42 -0.332810578277 -0.00115758859405
9.43 -0.333972126298 -0.00116557638011
9.44 -0.335141703272 -0.00117364745767
9.45 -0.336319393061 -0.00118180298741
9.46 -0.3375052807 -0.00119004415032
9.47 -0.338699452414 -0.00119837214812
9.48 -0.339901995641 -0.00120678820367
9.49 -0.341112999051 -0.00121529356147
9.5 -0.342332552572 -0.00122388948805
9.51 -0.343560747406 -0.00123257727251
9.52 -0.344797676058 -0.00124135822697
9.53 -0.346043432355 -0.00125023368706
9.54 -0.347298111474 -0.00125920501245
9.55 -0.348561809961 -0.00126827358733
9.56 -0.349834625759 -0.001277440821
9.57 -0.351116658235 -0.00128670814839
9.58 -0.352408008202 -0.00129607703058
9.59 -0.353708777946 -0.00130554895547
9.6 -0.355019071257 -0.00131512543826
9.61 -0.356338993452 -0.00132480802216
9.62 -0.357668651407 -0.00133459827892
9.63 -0.359008153582 -0.00134449780955
9.64 -0.360357610054 -0.00135450824491
9.65 -0.361717132546 -0.00136463124641
9.66 -0.363086834457 -0.00137486850669
9.67 -0.364466830895 -0.00138522175035
9.68 -0.365857238708 -0.00139569273464
9.69 -0.367258176517 -0.00140628325023
9.7 -0.368669764752 -0.00141699512196
9.71 -0.370092125685 -0.00142783020967
9.72 -0.371525383464 -0.00143879040892
9.73 -0.372969664151 -0.00144987765191
9.74 -0.374425095759 -0.00146109390826
9.75 -0.375891808289 -0.00147244118596
9.76 -0.37736993377 -0.00148392153218
9.77 -0.378859606297 -0.00149553703426
9.78 -0.380360962072 -0.00150728982063
9.79 -0.381874139448 -0.0015191820618
9.8 -0.383399278968 -0.00153121597133
9.81 -0.384936523411 -0.00154339380692
9.82 -0.386486017834 -0.00155571787139
9.83 -0.388047909622 -0.00156819051383
9.84 -0.389622348531 -0.0015808141307
9.85 -0.391209486738 -0.00159359116698
9.86 -0.392809478888 -0.00160652411733
9.87 -0.394422482147 -0.00161961552736
9.88 -0.396048656251 -0.00163286799485
9.89 -0.397688163561 -0.001646284171
9.9 -0.399341169116 -0.00165986676186
9.91 -0.401007840686 -0.00167361852957
9.92 -0.402688348836 -0.00168754229387
9.93 -0.404382866975 -0.00170164093346
9.94 -0.406091571424 -0.00171591738757
9.95 -0.407814641472 -0.00173037465741
9.96 -0.409552259439 -0.0017450158078
9.97 -0.411304610743 -0.00175984396879
9.98 -0.413071883966 -0.0017748623373
9.99 -0.414854270919 -0.00179007417889
10.0 -0.416651966713 -0.00180548282948
10.01 -0.41846516983 -0.00182109169724
10.02 -0.420294082199 -0.00183690426441
10.03 -0.422138909265 -0.00185292408929
10.04 -0.42399986007 -0.00186915480823
10.05 -0.425877147335 -0.00188560013767
10.06 -0.427770987533 -0.00190226387632
10.07 -0.429681600981 -0.00191914990727
10.08 -0.431609211917 -0.00193626220034
10.09 -0.433554048598 -0.00195360481436
10.1 -0.435516343378 -0.00197118189957
10.11 -0.437496332814 -0.00198899770016
10.12 -0.439494257749 -0.00200705655677
10.13 -0.441510363418 -0.00202536290915
10.14 -0.443544899544 -0.00204392129891
10.15 -0.445598120443 -0.00206273637231
10.16 -0.44767028513 -0.00208181288321
10.17 -0.449761657429 -0.00210115569599
10.18 -0.451872506082 -0.00212076978874
10.19 -0.454003104868 -0.00214066025641
10.2 -0.456153732718 -0.00216083231416
10.21 -0.458324673839 -0.0021812913007
10.22 -0.46051621784 -0.00220204268191
10.23 -0.462728659858 -0.00222309205445
10.24 -0.464962300692 -0.00224444514952
10.25 -0.467217446943 -0.0022661078368
10.26 -0.469494411149 -0.00228808612843
10.27 -0.471793511929 -0.00231038618324
10.28 -0.47411507414 -0.00233301431102
10.29 -0.476459429021 -0.00235597697699
10.3 -0.478826914354 -0.00237928080645
10.31 -0.481217874631 -0.00240293258952
10.32 -0.48363266121 -0.00242693928609
10.33 -0.4860716325 -0.00245130803098
10.34 -0.48853515413 -0.00247604613916
10.35 -0.491023599135 -0.00250116111135
10.36 -0.493537348145 -0.0025266606396
10.37 -0.496076789577 -0.00255255261323
10.38 -0.498642319836 -0.00257884512495
10.39 -0.501234343523 -0.00260554647715
10.4 -0.503853273646 -0.00263266518842
10.41 -0.50649953184 -0.00266021000046
10.42 -0.509173548596 -0.00268818988499
10.43 -0.511875763489 -0.00271661405114
10.44 -0.514606625425 -0.00274549195301
10.45 -0.517366592885 -0.0027748332975
10.46 -0.520156134186 -0.00280464805253
10.47 -0.522975727744 -0.00283494645543
10.48 -0.525825862344 -0.00286573902176
10.49 -0.528707037432 -0.00289703655448
10.5 -0.531619763397 -0.00292885015335
10.51 -0.534564561879 -0.00296119122479
10.52 -0.537541966078 -0.00299407149216
10.53 -0.540552521077 -0.00302750300631
10.54 -0.543596784173 -0.00306149815665
10.55 -0.546675325225 -0.00309606968266
10.56 -0.549788727005 -0.00313123068577
10.57 -0.552937585569 -0.00316699464181
10.58 -0.556122510638 -0.00320337541389
10.59 -0.559344125991 -0.0032403872659
10.6 -0.56260306987 -0.0032780448764
10.61 -0.565899995405 -0.00331636335324
10.62 -0.569235571052 -0.0033553582487
10.63 -0.572610481039 -0.00339504557525
10.64 -0.576025425841 -0.00343544182202
10.65 -0.579481122659 -0.00347656397187
10.66 -0.582978305926 -0.00351842951931
10.67 -0.586517727829 -0.00356105648909
10.68 -0.590100158843 -0.00360446345554
10.69 -0.593726388294 -0.00364866956291
10.7 -0.597397224941 -0.00369369454637
10.71 -0.601113497575 -0.00373955875413
10.72 -0.604876055641 -0.00378628317035
10.73 -0.608685769889 -0.00383388943921
10.74 -0.612543533046 -0.00388239988994
10.75 -0.616450260513 -0.00393183756303
10.76 -0.620406891086 -0.00398222623754
10.77 -0.624414387717 -0.00403359045978
10.78 -0.628473738283 -0.0040859555731
10.79 -0.632585956412 -0.00413934774925
10.8 -0.636752082317 -0.00419379402103
10.81 -0.640973183676 -0.0042493223165
10.82 -0.645250356548 -0.00430596149486
10.83 -0.649584726317 -0.00436374138386
10.84 -0.653977448684 -0.00442269281918
10.85 -0.658429710691 -0.00448284768546
10.86 -0.662942731793 -0.00454423895951
10.87 -0.667517764971 -0.00460690075545
10.88 -0.672156097893 -0.00467086837215
10.89 -0.676859054121 -0.00473617834289
10.9 -0.681627994372 -0.00480286848761
10.91 -0.686464317829 -0.00487097796755
10.92 -0.691369463513 -0.00494054734292
10.93 -0.696344911707 -0.00501161863309
10.94 -0.70139218545 -0.00508423538021
10.95 -0.706512852087 -0.00515844271579
10.96 -0.711708524896 -0.00523428743094
10.97 -0.71698086478 -0.00531181805005
10.98 -0.722331582039 -0.00539108490847
10.99 -0.727762438221 -0.00547214023417
11.0 -0.733275248053 -0.00555503823384
11.01 -0.738871881464 -0.00563983518347
11.02 -0.744554265705 -0.00572658952398
11.03 -0.75032438755 -0.00581536196173
11.04 -0.756184295627 -0.00590621557495
11.05 -0.762136102832 -0.0059992159257
11.06 -0.768181988874 -0.00609443117814
11.07 -0.77432420294 -0.00619193222359
11.08 -0.780565066474 -0.00629179281228
11.09 -0.786906976117 -0.00639408969309
11.1 -0.793352406765 -0.00649890276084
11.11 -0.799903914793 -0.00660631521243
11.12 -0.806564141436 -0.00671641371193
11.13 -0.813335816339 -0.00682928856542
11.14 -0.82022176129 -0.00694503390623
11.15 -0.827224894134 -0.00706374789118
11.16 -0.834348232901 -0.00718553290884
11.17 -0.84159490014 -0.00731049580015
11.18 -0.848968127485 -0.00743874809304
11.19 -0.85647126046 -0.0075704062512
11.2 -0.864107763536 -0.00770559193846
11.21 -0.871881225469 -0.00784443230004
11.22 -0.879795364924 -0.00798706026164
11.23 -0.887854036403 -0.0081336148475
11.24 -0.896061236502 -0.00828424151931
11.25 -0.904421110529 -0.00843909253741
11.26 -0.912937959471 -0.0085983273454
11.27 -0.921616247384 -0.00876211298088
11.28 -0.930460609188 -0.0089306245136
11.29 -0.939475858921 -0.00910404551332
11.3 -0.948666998478 -0.00928256855005
11.31 -0.958039226852 -0.0094663957285
11.32 -0.967597949957 -0.0096557392606
11.33 -0.977348791015 -0.00985082207802
11.34 -0.987297601576 -0.0100518784883
11.35 -0.99745047324 -0.010259154879
11.36 -1.00781375008 -0.0104729104726
11.37 -1.01839404188 -0.0106934181374
11.38 -1.02919823815 -0.0109209652583
11.39 -1.04023352314 -0.0111558546738
11.4 -1.05150739169 -0.0113984056838
11.41 -1.06302766628 -0.0116489551353
11.42 -1.07480251507 -0.0119078585921
11.43 -1.08684047124 -0.0121754915969
11.44 -1.09915045359 -0.0124522510336
11.45 -1.11174178856 -0.0127385565995
11.46 -1.12462423381 -0.0130348523965
11.47 -1.13780800342 -0.0133416086548
11.48 -1.15130379489 -0.0136593235988
11.49 -1.16512281806 -0.0139885254711
11.5 -1.17927682619 -0.0143297747293
11.51 -1.19377814924 -0.0146836664327
11.52 -1.20863972971 -0.015050832837
11.53 -1.22387516113 -0.0154319462201
11.54 -1.23949872953 -0.015827721961
11.55 -1.25552545808 -0.0162389218986
11.56 -1.27197115526 -0.0166663579994
11.57 -1.28885246683 -0.0171108963685
11.58 -1.30618693199 -0.0175734616391
11.59 -1.32399304419 -0.0180550417838
11.6 -1.34229031681 -0.0185566933922
11.61 -1.36109935451 -0.019079547471
11.62 -1.38044193057 -0.0196248158217
11.63 -1.4003410709 -0.0201937980672
11.64 -1.42082114544 -0.0207878894004
11.65 -1.44190796762 -0.021408589143
11.66 -1.46362890283 -0.0220575102118
11.67 -1.48601298686 -0.0227363896043
11.68 -1.50909105519 -0.0234471000308
11.69 -1.53289588468 -0.0241916628395
11.7 -1.55746234873 -0.0249722623996
11.71 -1.58282758754 -0.025791262136
11.72 -1.60903119537 -0.0266512224332
11.73 -1.6361154265 -0.0275549206636
11.74 -1.66412542239 -0.0285053736322
11.75 -1.69310946249 -0.0295058627777
11.76 -1.72311924165 -0.0305599625224
11.77 -1.75421017745 -0.0316715722288
11.78 -1.78644175135 -0.0328449522987
11.79 -1.81987788804 -0.034084765038
11.8 -1.85458737804 -0.0353961210204
11.81 -1.89064434948 -0.0367846318125
11.82 -1.92812879588 -0.0382564700784
11.83 -1.96712716764 -0.039818438265
11.84 -2.00773303673 -0.0414780473018
11.85 -2.05004784506 -0.043243607013
11.86 -2.09418174924 -0.0451243302817
11.87 -2.14025457652 -0.0471304534112
11.88 -2.18839690922 -0.0492733756156
11.89 -2.23875131845 -0.0515658212085
11.9 -2.29147377153 -0.0540220288006
11.91 -2.34673524226 -0.0566579727742
11.92 -2.40472355911 -0.0594916234825
11.93 -2.46564553319 -0.0625432541035
11.94 -2.52972941688 -0.065835803973
11.95 -2.59722775428 -0.069395310569
11.96 -2.66842069861 -0.0732514254027
11.97 -2.74361988803 -0.0774380329559
11.98 -2.82317299255 -0.0819939968625
11.99 -2.90746907179 -0.086964064146
12.0 -2.99694491702 -0.0923999669334
12.01 -3.09209259471 -0.0983617724922
12.02 -3.19346846624 -0.104919547692
12.03 -3.3017040307 -0.112155424368
12.04 -3.41751903611 -0.120166179872
12.05 -3.54173743096 -0.129066484942
12.06 -3.67530690056 -0.138993023632
12.07 -3.81932296255 -0.150109763329
12.08 -3.97505891092 -0.162614756754
12.09 -4.14400333121 -0.176749006536
12.1 -4.32790751342 -0.192808138866
12.11 -4.52884594259 -0.211157950832
12.12 -4.74929426509 -0.232255371824
12.13 -4.99223090292 -0.256677104051
12.14 -5.26127109969 -0.285159330269
12.15 -5.56084610702 -0.318653654372
12.16 -5.89644622244 -0.358407316134
12.17 -6.27495576572 -0.40608048979
12.18 -6.70512305905 -0.46392160011
12.19 -7.19823301872 -0.535035857709
12.2 -7.76909129879 -0.623808138749
12.21 -8.43750072511 -0.736590280139
12.22 -9.23053977994 -0.882859401704
12.23 -10.1861937618 -1.07725410433
12.24 -11.3593580003 -1.34333565104
12.25 -12.8321870377 -1.72095795057
12.26 -14.7327988288 -2.28177907966
12.27 -17.2708509126 -3.16491734185
12.28 -20.8084573258 -4.6685289664
12.29 -26.0022554021 -7.52087838192
12.3 -34.0120151322 -13.840273416
12.31 -45.4498456337 -31.1823800813
12.32 -36.8647120969 -80.5629369238
12.33 40.8360303913 -75.2858976589
12.34 44.4774250967 -28.8354576385
12.35 33.1910807305 -13.0542970482
12.36 25.477002643 -7.19147660987
12.37 20.4603894059 -4.503883092
12.38 17.0275060172 -3.07187103523
12.39 14.5547082539 -2.22437200458
12.4 12.6970090214 -1.68315491746
12.41 11.2537336077 -1.31716498792
12.42 10.1017183351 -1.05840610232
12.43 9.16168830924 -0.868844362736
12.44 8.38050316017 -0.725890695127
12.45 7.72129216747 -0.61545727449
12.46 7.15771041685 -0.528394630632
12.47 6.67045303019 -0.458554033257
12.48 6.24506156967 -0.401681014733
12.49 5.87049900133 -0.354756677359
12.5 5.53819768196 -0.315591257045
12.51 5.24140743523 -0.282565386799
12.52 4.9747392082 -0.254460806813
12.53 4.73383929962 -0.230346876795
12.54 4.51515266295 -0.209502831802
12.55 4.31574817028 -0.191363479531
12.56 4.13318774228 -0.175480600438
12.57 3.9654270356 -0.161495070396
12.58 3.81073916766 -0.149116433779
12.59 3.66765548544 -0.138107736253
12.6 3.5349191008 -0.128274125222
12.61 3.41144809749 -0.119454185458
12.62 3.29630614277 -0.111513285097
12.63 3.1886788231 -0.104338416209
12.64 3.08785444606 -0.0978341584047
12.65 2.99320835541 -0.0919194945895
12.66 2.90419003257 -0.0865252793996
12.67 2.82031242385 -0.0815922117896
12.68 2.74114305848 -0.077069200269
12.69 2.66629661638 -0.0729120362213
12.7 2.5954286774 -0.0690823107244
12.71 2.52823043855 -0.0655465251102
12.72 2.46442422892 -0.0622753566525
12.73 2.40375968521 -0.0592430492265
12.74 2.34601047731 -0.0564269052146
12.75 2.29097149361 -0.0538068598788
12.76 2.2384564128 -0.0513651232589
12.77 2.18829560128 -0.0490858776175
12.78 2.14033428677 -0.0469550208136
12.79 2.09443096644 -0.0449599477915
12.8 2.05045601531 -0.0430893638663
12.81 2.00829046605 -0.0413331246121
12.82 1.96782493626 -0.0396820981238
12.83 1.92895868247 -0.0381280461323
12.84 1.89159876421 -0.036663521099
12.85 1.85565930312 -0.0352817768658
12.86 1.82106082494 -0.0339766908697
12.87 1.78772967362 -0.032742696234
12.88 1.75559748871 -0.0315747223354
12.89 1.72460073793 -0.030468142654
12.9 1.69468029846 -0.0294187289073
12.91 1.66578108104 -0.0284226106171
12.92 1.63785169184 -0.0274762393838
12.93 1.61084412779 -0.0265763572547
12.94 1.58471350155 -0.0257199686579
12.95 1.55941779284 -0.0249043154504
12.96 1.53491762317 -0.0241268546894
12.97 1.51117605148 -0.0233852387956
12.98 1.48815838851 -0.0226772978168
12.99 1.4658320278 -0.0220010235414
13.0 1.44416629172 -0.0213545552455
13.01 1.42313229097 -0.0207361668848
13.02 1.40270279616 -0.0201442555636
13.03 1.38285212029 -0.0195773311409
13.04 1.36355601113 -0.0190340068458
13.05 1.34479155237 -0.0185129907895
13.06 1.32653707297 -0.0180130782829
13.07 1.30877206371 -0.0175331448669
13.08 1.29147710033 -0.0170721399853
13.09 1.27463377277 -0.016629081233
13.1 1.25822461986 -0.0162030491187
13.11 1.24223306893 -0.0157931822914
13.12 1.22664338005 -0.0153986731846
13.13 1.21144059435 -0.0150187640353
13.14 1.19661048619 -0.0146527432447
13.15 1.18213951881 -0.0142999420432
13.16 1.16801480308 -0.0139597314344
13.17 1.15422405928 -0.0136315193898
13.18 1.14075558149 -0.0133147482726
13.19 1.12759820449 -0.0130088924676
13.2 1.11474127283 -0.0127134561995
13.21 1.10217461217 -0.0124279715234
13.22 1.08988850236 -0.012151996471
13.23 1.07787365239 -0.0118851133389
13.24 1.066121177 -0.0116269271079
13.25 1.05462257475 -0.0113770639802
13.26 1.0433697075 -0.0111351700262
13.27 1.03235478126 -0.0109009099306
13.28 1.02157032812 -0.0106739658298
13.29 1.01100918947 -0.0104540362335
13.3 1.00066450006 -0.0102408350225
13.31 0.99052967317 -0.0100340905182
13.32 0.980598386641 -0.00983354461697
13.33 0.970864569693 -0.00963895198362
13.34 0.961322390583 -0.00945007930155
13.35 0.951966244927 -0.00926670457256
13.36 0.94279074476 -0.00908861646479
13.37 0.933790708167 -0.0089156137033
13.38 0.924961149536 -0.00874750450129
13.39 0.916297270348 -0.00858410602843
13.4 0.907794450486 -0.00842524391355
13.41 0.89944824002 -0.0082707517794
13.42 0.891254351442 -0.00812047080676
13.43 0.883208652324 -0.00797424932626
13.44 0.875307158364 -0.00783194243542
13.45 0.867546026825 -0.0076934116399
13.46 0.859921550281 -0.00755852451601
13.47 0.852430150733 -0.00742715439452
13.48 0.845068373997 -0.00729918006298
13.49 0.837832884403 -0.00717448548615
13.5 0.830720459754 -0.00705295954289
13.51 0.823727986539 -0.00693449577845
13.52 0.816852455386 -0.00681899217135
13.53 0.810090956756 -0.00670635091369
13.54 0.80344067683 -0.00659647820403
13.55 0.796898893604 -0.00648928405204
13.56 0.790462973174 -0.0063846820941
13.57 0.784130366208 -0.00628258941954
13.58 0.77789860457 -0.00618292640605
13.59 0.771765298119 -0.00608561656457
13.6 0.765728131648 -0.00599058639241
13.61 0.759784861974 -0.00589776523445
13.62 0.753933315158 -0.00580708515181
13.63 0.748171383855 -0.00571848079746
13.64 0.742497024778 -0.00563188929847
13.65 0.736908256289 -0.00554725014445
13.66 0.731403156093 -0.00546450508188
13.67 0.72597985902 -0.00538359801372
13.68 0.720636554937 -0.00530447490445
13.69 0.715371486718 -0.00522708368974
13.7 0.71018294833 -0.00515137419088
13.71 0.705069282976 -0.00507729803325
13.72 0.700028881345 -0.00500480856927
13.73 0.695060179913 -0.00493386080473
13.74 0.690161659334 -0.0048644113291
13.75 0.685331842883 -0.00479641824904
13.76 0.680569294976 -0.00472984112522
13.77 0.675872619751 -0.00466464091223
13.78 0.671240459695 -0.00460077990126
13.79 0.666671494343 -0.00453822166559
13.8 0.662164439021 -0.00447693100866
13.81 0.65771804364 -0.00441687391452
13.82 0.653331091539 -0.00435801750059
13.83 0.649002398383 -0.00430032997278
13.84 0.644730811085 -0.00424378058238
13.85 0.64051520679 -0.00418833958516
13.86 0.636354491888 -0.00413397820229
13.87 0.632247601073 -0.0040806685829
13.88 0.62819349642 -0.0040283837684
13.89 0.624191166529 -0.00397709765853
13.9 0.620239625667 -0.00392678497861
13.91 0.616337912973 -0.00387742124849
13.92 0.612485091664 -0.00382898275274
13.93 0.608680248298 -0.00378144651218
13.94 0.604922492044 -0.0037347902566
13.95 0.60121095399 -0.00368899239868
13.96 0.597544786474 -0.00364403200904
13.97 0.593923162431 -0.00359988879225
13.98 0.590345274784 -0.00355654306404
13.99 0.58681033583 -0.00351397572924
14.0 0.583317576676 -0.00347216826083
14.01 0.579866246663 -0.00343110267968
14.02 0.57645561285 -0.00339076153535
14.03 0.573084959479 -0.00335112788744
14.04 0.569753587478 -0.00331218528784
14.05 0.56646081398 -0.00327391776366
14.06 0.563205971855 -0.00323630980087
14.07 0.559988409256 -0.00319934632853
14.08 0.556807489192 -0.00316301270373
14.09 0.553662589099 -0.00312729469706
14.1 0.550553100438 -0.0030921784787
14.11 0.547478428298 -0.00305765060498
14.12 0.544437991025 -0.00302369800558
14.13 0.541431219847 -0.00299030797113
14.14 0.538457558522 -0.00295746814129
14.15 0.535516462994 -0.00292516649333
14.16 0.532607401066 -0.00289339133115
14.17 0.529729852069 -0.00286213127463
14.18 0.52688330656 -0.0028313752495
14.19 0.524067266019 -0.00280111247749
14.2 0.521281242557 -0.00277133246693
14.21 0.518524758631 -0.00274202500357
14.22 0.515797346779 -0.00271318014193
14.23 0.513098549347 -0.00268478819678
14.24 0.51042791824 -0.00265683973505
14.25 0.507785014668 -0.00262932556798
14.26 0.505169408911 -0.00260223674354
14.27 0.502580680079 -0.0025755645392
14.28 0.500018415896 -0.00254930045486
14.29 0.497482212471 -0.00252343620614
14.3 0.494971674093 -0.00249796371776
14.31 0.492486413021 -0.00247287511729
14.32 0.490026049284 -0.00244816272906
14.33 0.487590210492 -0.00242381906828
14.34 0.485178531643 -0.0023998368354
14.35 0.482790654943 -0.00237620891058
14.36 0.480426229629 -0.00235292834846
14.37 0.478084911794 -0.00232998837302
14.38 0.475766364225 -0.00230738237267
14.39 0.47347025624 -0.00228510389549
14.4 0.471196263526 -0.00226314664459
14.41 0.468944067993 -0.0022415044737
14.42 0.466713357621 -0.00222017138285
14.43 0.464503826317 -0.0021991415142
14.44 0.462315173776 -0.00217840914805
14.45 0.460147105341 -0.0021579686989
14.46 0.457999331879 -0.00213781471177
14.47 0.455871569643 -0.00211794185846
14.48 0.453763540152 -0.00209834493411
14.49 0.451674970069 -0.00207901885372
14.5 0.449605591082 -0.00205995864893
14.51 0.44755513979 -0.00204115946476
14.52 0.44552335759 -0.00202261655655
14.53 0.443509990568 -0.00200432528696
14.54 0.441514789395 -0.00198628112307
14.55 0.439537509224 -0.00196847963357
14.56 0.437577909587 -0.00195091648603
14.57 0.435635754298 -0.00193358744429
14.58 0.433710811362 -0.00191648836587
14.59 0.43180285288 -0.00189961519953
14.6 0.429911654957 -0.00188296398285
14.61 0.428036997615 -0.00186653083987
14.62 0.426178664713 -0.00185031197893
14.63 0.424336443857 -0.00183430369037
14.64 0.422510126322 -0.0018185023445
14.65 0.420699506973 -0.00180290438947
14.66 0.418904384189 -0.00178750634932
14.67 0.417124559787 -0.00177230482204
14.68 0.415359838948 -0.00175729647767
14.69 0.413610030147 -0.00174247805648
14.7 0.411874945086 -0.00172784636722
14.71 0.410154398622 -0.00171339828537
14.72 0.408448208705 -0.00169913075151
14.73 0.40675619631 -0.00168504076967
14.74 0.405078185378 -0.00167112540577
14.75 0.403414002753 -0.00165738178608
14.76 0.401763478122 -0.00164380709574
14.77 0.400126443959 -0.00163039857736
14.78 0.398502735464 -0.00161715352954
14.79 0.396892190513 -0.00160406930557
14.8 0.395294649602 -0.00159114331208
14.81 0.393709955791 -0.0015783730078
14.82 0.392137954658 -0.00156575590222
14.83 0.390578494245 -0.00155328955448
14.84 0.389031425009 -0.0015409715721
14.85 0.387496599779 -0.0015287996099
14.86 0.385973873702 -0.00151677136884
14.87 0.384463104202 -0.00150488459497
14.88 0.382964150936 -0.00149313707834
14.89 0.381476875747 -0.00148152665197
14.9 0.380001142625 -0.00147005119088
14.91 0.378536817663 -0.00145870861113
14.92 0.37708376902 -0.00144749686881
14.93 0.375641866874 -0.00143641395918
14.94 0.374210983394 -0.00142545791573
14.95 0.372790992692 -0.00141462680935
14.96 0.371381770794 -0.00140391874745
14.97 0.369983195597 -0.00139333187314
14.98 0.36859514684 -0.00138286436444
14.99 0.367217506065 -0.00137251443346
