-5.0 -0.0649376910145 -5.56793303016e-05
-4.99 -0.0649934449961 -5.58293434516e-05
-4.98 -0.0650493494159 -5.59802131376e-05
-4.97 -0.0651054051343 -5.61319468676e-05
-4.96 -0.0651616130191 -5.62845522359e-05
-4.95 -0.0652179739457 -5.64380369236e-05
-4.94 -0.0652744887973 -5.65924087e-05
-4.93 -0.0653311584648 -5.6747675424e-05
-4.92 -0.0653879838471 -5.69038450452e-05
-4.91 -0.0654449658512 -5.70609256052e-05
-4.9 -0.065502105392 -5.72189252388e-05
-4.89 -0.0655594033926 -5.73778521757e-05
-4.88 -0.0656168607844 -5.75377147412e-05
-4.87 -0.0656744785074 -5.76985213581e-05
-4.86 -0.0657322575096 -5.78602805479e-05
-4.85 -0.065790198748 -5.80230009321e-05
-4.84 -0.0658483031882 -5.81866912339e-05
-4.83 -0.0659065718043 -5.83513602791e-05
-4.82 -0.0659650055795 -5.85170169985e-05
-4.81 -0.066023605506 -5.86836704284e-05
-4.8 -0.066082372585 -5.88513297127e-05
-4.79 -0.066141307827 -5.90200041045e-05
-4.78 -0.0662004122518 -5.91897029673e-05
-4.77 -0.0662596868883 -5.93604357769e-05
-4.76 -0.0663191327754 -5.95322121229e-05
-4.75 -0.0663787509615 -5.97050417105e-05
-4.74 -0.0664385425045 -5.9878934362e-05
-4.73 -0.0664985084725 -6.00539000187e-05
-4.72 -0.0665586499435 -6.02299487425e-05
-4.71 -0.0666189680056 -6.04070907177e-05
-4.7 -0.0666794637571 -6.0585336253e-05
-4.69 -0.0667401383067 -6.07646957831e-05
-4.68 -0.0668009927738 -6.09451798705e-05
-4.67 -0.066862028288 -6.11267992078e-05
-4.66 -0.0669232459901 -6.13095646193e-05
-4.65 -0.0669846470316 -6.1493487063e-05
-4.64 -0.0670462325749 -6.16785776328e-05
-4.63 -0.0671080037937 -6.18648475603e-05
-4.62 -0.0671699618731 -6.20523082172e-05
-4.61 -0.0672321080094 -6.22409711168e-05
-4.6 -0.0672944434107 -6.2430847917e-05
-4.59 -0.0673569692966 -6.26219504217e-05
-4.58 -0.0674196868989 -6.28142905835e-05
-4.57 -0.0674825974612 -6.3007880506e-05
-4.56 -0.0675457022392 -6.32027324456e-05
-4.55 -0.0676090025013 -6.33988588145e-05
-4.54 -0.0676724995279 -6.35962721827e-05
-4.53 -0.0677361946124 -6.37949852804e-05
-4.52 -0.0678000890609 -6.39950110006e-05
-4.51 -0.0678641841925 -6.41963624019e-05
-4.5 -0.0679284813393 -6.43990527105e-05
-4.49 -0.0679929818471 -6.46030953232e-05
-4.48 -0.0680576870747 -6.480850381e-05
-4.47 -0.0681225983948 -6.50152919168e-05
-4.46 -0.068187717194 -6.5223473568e-05
-4.45 -0.0682530448727 -6.54330628696e-05
-4.44 -0.0683185828457 -6.56440741119e-05
-4.43 -0.0683843325421 -6.58565217725e-05
-4.42 -0.0684502954055 -6.6070420519e-05
-4.41 -0.0685164728945 -6.62857852126e-05
-4.4 -0.0685828664823 -6.65026309104e-05
-4.39 -0.0686494776575 -6.67209728693e-05
-4.38 -0.0687163079241 -6.69408265488e-05
-4.37 -0.0687833588015 -6.71622076142e-05
-4.36 -0.0688506318249 -6.73851319402e-05
-4.35 -0.0689181285455 -6.7609615614e-05
-4.34 -0.0689858505309 -6.78356749391e-05
-4.33 -0.0690537993647 -6.80633264383e-05
-4.32 -0.0691219766474 -6.82925868579e-05
-4.31 -0.0691903839964 -6.85234731708e-05
-4.3 -0.069259023046 -6.87560025806e-05
-4.29 -0.069327895448 -6.89901925251e-05
-4.28 -0.0693970028716 -6.92260606806e-05
-4.27 -0.069466347004 -6.94636249651e-05
-4.26 -0.0695359295501 -6.97029035432e-05
-4.25 -0.0696057522335 -6.99439148294e-05
-4.24 -0.069675816796 -7.0186677493e-05
-4.23 -0.0697461249983 -7.04312104618e-05
-4.22 -0.0698166786203 -7.06775329265e-05
-4.21 -0.0698874794612 -7.09256643454e-05
-4.2 -0.0699585293394 -7.11756244489e-05
-4.19 -0.0700298300938 -7.14274332436e-05
-4.18 -0.0701013835829 -7.16811110178e-05
-4.17 -0.0701731916859 -7.19366783454e-05
-4.16 -0.0702452563028 -7.21941560915e-05
-4.15 -0.0703175793542 -7.2453565417e-05
-4.14 -0.0703901627825 -7.27149277838e-05
-4.13 -0.0704630085515 -7.297826496e-05
-4.12 -0.0705361186468 -7.3243599025e-05
-4.11 -0.0706094950764 -7.35109523751e-05
-4.1 -0.0706831398708 -7.37803477291e-05
-4.09 -0.0707570550835 -7.40518081333e-05
-4.08 -0.0708312427909 -7.43253569682e-05
-4.07 -0.0709057050933 -7.46010179534e-05
-4.06 -0.0709804441147 -7.48788151542e-05
-4.05 -0.0710554620034 -7.51587729873e-05
-4.04 -0.0711307609322 -7.54409162273e-05
-4.03 -0.071206343099 -7.57252700128e-05
-4.02 -0.0712822107268 -7.6011859853e-05
-4.01 -0.0713583660646 -7.63007116344e-05
-4.0 -0.0714348113873 -7.65918516273e-05
-3.99 -0.0715115489962 -7.68853064929e-05
-3.98 -0.0715885812196 -7.71811032901e-05
-3.97 -0.071665910413 -7.74792694831e-05
-3.96 -0.0717435389594 -7.77798329481e-05
-3.95 -0.0718214692703 -7.80828219815e-05
-3.94 -0.0718997037853 -7.83882653068e-05
-3.93 -0.071978244973 -7.86961920832e-05
-3.92 -0.0720570953317 -7.90066319129e-05
-3.91 -0.0721362573891 -7.93196148496e-05
-3.9 -0.0722157337035 -7.96351714067e-05
-3.89 -0.0722955268637 -7.99533325658e-05
-3.88 -0.0723756394899 -8.02741297856e-05
-3.87 -0.0724560742339 -8.05975950103e-05
-3.86 -0.0725368337797 -8.09237606793e-05
-3.85 -0.072617920844 -8.12526597359e-05
-3.84 -0.0726993381768 -8.1584325637e-05
-3.83 -0.0727810885616 -8.19187923629e-05
-3.82 -0.0728631748164 -8.2256094427e-05
-3.81 -0.0729455997936 -8.25962668859e-05
-3.8 -0.0730283663814 -8.29393453499e-05
-3.79 -0.0731114775035 -8.32853659935e-05
-3.78 -0.0731949361203 -8.36343655661e-05
-3.77 -0.0732787452292 -8.39863814032e-05
-3.76 -0.073362907865 -8.43414514374e-05
-3.75 -0.0734474271011 -8.46996142105e-05
-3.74 -0.0735323060494 -8.50609088846e-05
-3.73 -0.0736175478615 -8.54253752549e-05
-3.72 -0.0737031557291 -8.57930537614e-05
-3.71 -0.0737891328846 -8.61639855019e-05
-3.7 -0.0738754826017 -8.65382122449e-05
-3.69 -0.0739622081965 -8.69157764428e-05
-3.68 -0.0740493130277 -8.72967212453e-05
-3.67 -0.0741368004974 -8.76810905135e-05
-3.66 -0.0742246740522 -8.80689288336e-05
-3.65 -0.0743129371835 -8.8460281532e-05
-3.64 -0.0744015934284 -8.88551946896e-05
-3.63 -0.0744906463704 -8.92537151574e-05
-3.62 -0.0745800996403 -8.96558905718e-05
-3.61 -0.074669956917 -9.00617693702e-05
-3.6 -0.0747602219281 -9.04714008082e-05
-3.59 -0.0748508984509 -9.08848349753e-05
-3.58 -0.0749419903134 -9.13021228125e-05
-3.57 -0.0750335013946 -9.17233161295e-05
-3.56 -0.0751254356262 -9.21484676229e-05
-3.55 -0.0752177969925 -9.25776308944e-05
-3.54 -0.0753105895324 -9.30108604694e-05
-3.53 -0.0754038173394 -9.34482118163e-05
-3.52 -0.0754974845632 -9.38897413665e-05
-3.51 -0.0755915954102 -9.43355065343e-05
-3.5 -0.0756861541448 -9.47855657374e-05
-3.49 -0.0757811650904 -9.52399784185e-05
-3.48 -0.0758766326302 -9.56988050668e-05
-3.47 -0.0759725612085 -9.61621072402e-05
-3.46 -0.0760689553318 -9.66299475883e-05
-3.45 -0.0761658195696 -9.71023898754e-05
-3.44 -0.0762631585558 -9.75794990048e-05
-3.43 -0.0763609769899 -9.80613410435e-05
-3.42 -0.0764592796377 -9.85479832468e-05
-3.41 -0.0765580713333 -9.90394940845e-05
-3.4 -0.0766573569796 -9.95359432675e-05
-3.39 -0.0767571415499 -0.000100037401775
-3.38 -0.0768574300892 -0.000100543941881
-3.37 -0.0769582277152 -0.000101055637186
-3.36 -0.07705953962 -0.000101572562642
-3.35 -0.0771613710715 -0.000102094794587
-3.34 -0.0772637274143 -0.000102622410772
-3.33 -0.0773666140717 -0.000103155490396
-3.32 -0.0774700365469 -0.000103694114135
-3.31 -0.0775740004244 -0.000104238364179
-3.3 -0.0776785113717 -0.000104788324264
-3.29 -0.0777835751409 -0.000105344079706
-3.28 -0.0778891975702 -0.00010590571744
-3.27 -0.0779953845853 -0.000106473326056
-3.26 -0.0781021422017 -0.000107046995835
-3.25 -0.0782094765257 -0.000107626818792
-3.24 -0.0783173937568 -0.000108212888711
-3.23 -0.0784259001888 -0.000108805301191
-3.22 -0.0785350022123 -0.000109404153687
-3.21 -0.0786447063161 -0.000110009545549
-3.2 -0.0787550190896 -0.000110621578074
-3.19 -0.0788659472241 -0.000111240354547
-3.18 -0.0789774975153 -0.000111865980289
-3.17 -0.0790896768655 -0.000112498562707
-3.16 -0.0792024922851 -0.000113138211342
-3.15 -0.0793159508953 -0.00011378503792
-3.14 -0.0794300599301 -0.000114439156407
-3.13 -0.0795448267385 -0.000115100683061
-3.12 -0.079660258787 -0.000115769736488
-3.11 -0.0797763636619 -0.000116446437701
-3.1 -0.0798931490717 -0.000117130910177
-3.09 -0.0800106228496 -0.000117823279916
-3.08 -0.080128792956 -0.000118523675508
-3.07 -0.0802476674812 -0.000119232228195
-3.06 -0.0803672546484 -0.000119949071933
-3.05 -0.0804875628155 -0.000120674343468
-3.04 -0.0806086004792 -0.000121408182397
-3.03 -0.0807303762767 -0.000122150731247
-3.02 -0.0808528989895 -0.000122902135547
-3.01 -0.0809761775461 -0.000123662543901
-3.0 -0.081100221025 -0.000124432108072
-2.99 -0.0812250386582 -0.000125210983058
-2.98 -0.0813506398344 -0.000125999327179
-2.97 -0.0814770341019 -0.000126797302162
-2.96 -0.0816042311729 -0.000127605073226
-2.95 -0.0817322409263 -0.000128422809179
-2.94 -0.0818610734117 -0.000129250682508
-2.93 -0.081990738853 -0.000130088869476
-2.92 -0.0821212476523 -0.000130937550223
-2.91 -0.0822526103937 -0.000131796908868
-2.9 -0.0823848378476 -0.000132667133618
-2.89 -0.0825179409743 -0.000133548416872
-2.88 -0.0826519309291 -0.000134440955339
-2.87 -0.0827868190657 -0.000135344950151
-2.86 -0.0829226169415 -0.000136260606985
-2.85 -0.0830593363217 -0.000137188136187
-2.84 -0.0831969891842 -0.000138127752897
-2.83 -0.0833355877244 -0.000139079677186
-2.82 -0.0834751443604 -0.000140044134187
-2.81 -0.0836156717378 -0.000141021354242
-2.8 -0.0837571827353 -0.000142011573039
-2.79 -0.08389969047 -0.000143015031769
-2.78 -0.0840432083026 -0.000144031977278
-2.77 -0.0841877498441 -0.000145062662228
-2.76 -0.0843333289604 -0.000146107345261
-2.75 -0.0844799597796 -0.00014716629117
-2.74 -0.0846276566973 -0.00014823977108
-2.73 -0.0847764343838 -0.000149328062623
-2.72 -0.0849263077898 -0.000150431450132
-2.71 -0.0850772921542 -0.000151550224836
-2.7 -0.0852294030102 -0.000152684685059
-2.69 -0.0853826561931 -0.000153835136433
-2.68 -0.0855370678474 -0.000155001892109
-2.67 -0.0856926544347 -0.000156185272984
-2.66 -0.0858494327411 -0.000157385607931
-2.65 -0.0860074198859 -0.000158603234038
-2.64 -0.0861666333293 -0.000159838496857
-2.63 -0.0863270908816 -0.00016109175066
-2.62 -0.0864888107115 -0.000162363358703
-2.61 -0.0866518113557 -0.000163653693504
-2.6 -0.0868161117278 -0.000164963137127
-2.59 -0.0869817311286 -0.000166292081475
-2.58 -0.0871486892554 -0.000167640928599
-2.57 -0.0873170062128 -0.000169010091014
-2.56 -0.0874867025233 -0.000170399992028
-2.55 -0.0876577991379 -0.000171811066084
-2.54 -0.0878303174478 -0.000173243759111
-2.53 -0.0880042792959 -0.000174698528893
-2.52 -0.0881797069886 -0.000176175845447
-2.51 -0.0883566233088 -0.000177676191424
-2.5 -0.0885350515283 -0.000179200062509
-2.49 -0.0887150154209 -0.000180747967857
-2.48 -0.0888965392766 -0.000182320430525
-2.47 -0.0890796479154 -0.000183917987937
-2.46 -0.0892643667018 -0.00018554119236
-2.45 -0.0894507215601 -0.000187190611396
-2.44 -0.0896387389901 -0.000188866828498
-2.43 -0.0898284460826 -0.000190570443504
-2.42 -0.0900198705369 -0.000192302073196
-2.41 -0.0902130406773 -0.000194062351871
-2.4 -0.0904079854714 -0.000195851931949
-2.39 -0.0906047345482 -0.000197671484595
-2.38 -0.0908033182173 -0.000199521700369
-2.37 -0.0910037674887 -0.000201403289905
-2.36 -0.091206114093 -0.000203316984614
-2.35 -0.0914103905028 -0.00020526353742
-2.34 -0.0916166299542 -0.000207243723519
-2.33 -0.09182486647 -0.000209258341184
-2.32 -0.0920351348826 -0.000211308212586
-2.31 -0.0922474708587 -0.000213394184664
-2.3 -0.0924619109245 -0.000215517130022
-2.29 -0.0926784924915 -0.000217677947873
-2.28 -0.092897253884 -0.000219877565017
-2.27 -0.0931182343667 -0.000222116936863
-2.26 -0.0933414741744 -0.000224397048498
-2.25 -0.0935670145416 -0.0002267189158
-2.24 -0.0937948977344 -0.000229083586598
-2.23 -0.0940251670828 -0.000231492141894
-2.22 -0.0942578670143 -0.000233945697122
-2.21 -0.0944930430892 -0.000236445403483
-2.2 -0.0947307420371 -0.000238992449322
-2.19 -0.0949710117946 -0.000241588061585
-2.18 -0.0952139015445 -0.000244233507329
-2.17 -0.095459461757 -0.000246930095307
-2.16 -0.095707744232 -0.000249679177629
-2.15 -0.0959588021432 -0.000252482151496
-2.14 -0.0962126900843 -0.000255340461019
-2.13 -0.0964694641168 -0.000258255599123
-2.12 -0.0967291818193 -0.000261229109539
-2.11 -0.0969919023401 -0.000264262588898
-2.1 -0.0972576864505 -0.000267357688921
-2.09 -0.0975265966013 -0.000270516118714
-2.08 -0.0977986969814 -0.000273739647185
-2.07 -0.0980740535785 -0.000277030105568
-2.06 -0.098352734243 -0.000280389390081
-2.05 -0.0986348087541 -0.000283819464716
-2.04 -0.0989203488893 -0.000287322364165
-2.03 -0.0992094284961 -0.000290900196901
-2.02 -0.0995021235679 -0.00029455514841
-2.01 -0.0997985123221 -0.000298289484598
-2.0 -0.100098675282 -0.000302105555365
-1.99 -0.100402695365 -0.000306005798375
-1.98 -0.100710657968 -0.00030999274302
-1.97 -0.101022651064 -0.000314069014596
-1.96 -0.101338765301 -0.000318237338697
-1.95 -0.101659094102 -0.000322500545861
-1.94 -0.101983733773 -0.000326861576448
-1.93 -0.102312783615 -0.000331323485803
-1.92 -0.102646346045 -0.000335889449696
-1.91 -0.102984526714 -0.00034056277006
-1.9 -0.10332743464 -0.000345346881066
-1.89 -0.103675182339 -0.000350245355524
-1.88 -0.104027885973 -0.000355261911662
-1.87 -0.104385665494 -0.000360400420287
-1.86 -0.104748644801 -0.000365664912368
-1.85 -0.105116951905 -0.000371059587053
-1.84 -0.105490719101 -0.000376588820168
-1.83 -0.10587008315 -0.000382257173216
-1.82 -0.106255185466 -0.000388069402916
-1.81 -0.106646172319 -0.000394030471319
-1.8 -0.107043195045 -0.000400145556542
-1.79 -0.107446410265 -0.000406420064163
-1.78 -0.107855980122 -0.000412859639321
-1.77 -0.108272072525 -0.000419470179576
-1.76 -0.108694861407 -0.00042625784858
-1.75 -0.109124526999 -0.000433229090624
-1.74 -0.109561256116 -0.000440390646115
-1.73 -0.110005242465 -0.000447749568065
-1.72 -0.110456686964 -0.000455313239656
-1.71 -0.110915798077 -0.000463089392973
-1.7 -0.111382792179 -0.00047108612898
-1.69 -0.111857893931 -0.000479311938857
-1.68 -0.112341336682 -0.00048777572678
-1.67 -0.112833362893 -0.000496486834271
-1.66 -0.113334224587 -0.000505455066241
-1.65 -0.113844183827 -0.000514690718862
-1.64 -0.114363513218 -0.000524204609414
-1.63 -0.114892496445 -0.000534008108266
-1.62 -0.115431428843 -0.000544113173175
-1.61 -0.115980618001 -0.000554532386096
-1.6 -0.116540384405 -0.000565278992702
-1.59 -0.117111062121 -0.000576366944865
-1.58 -0.117692999523 -0.000587810946337
-1.57 -0.118286560068 -0.000599626501923
-1.56 -0.118892123121 -0.000611829970442
-1.55 -0.11951008484 -0.00062443862182
-1.54 -0.120140859108 -0.000637470698692
-1.53 -0.120784878544 -0.000650945482913
-1.52 -0.121442595575 -0.000664883367438
-1.51 -0.122114483577 -0.000679305934079
-1.5 -0.122801038112 -0.000694236037672
-1.49 -0.123502778238 -0.000709697897291
-1.48 -0.12422024792 -0.000725717195178
-1.47 -0.124954017544 -0.000742321184142
-1.46 -0.125704685543 -0.000759538804275
-1.45 -0.12647288014 -0.000777400809913
-1.44 -0.127259261231 -0.000795939907886
-1.43 -0.128064522403 -0.000815190908219
-1.42 -0.128889393116 -0.00083519088858
-1.41 -0.129734641052 -0.000855979373928
-1.4 -0.130601074655 -0.000877598532996
-1.39 -0.131489545874 -0.000900093393419
-1.38 -0.132400953128 -0.000923512077573
-1.37 -0.133336244525 -0.00094790606143
-1.36 -0.134296421341 -0.000973330459035
-1.35 -0.135282541806 -0.000999844335531
-1.34 -0.136295725212 -0.00102751105208
-1.33 -0.137337156385 -0.00105639864642
-1.32 -0.13840809055 -0.00108658025335
-1.31 -0.139509858646 -0.00111813457002
-1.3 -0.140643873123 -0.00115114637147
-1.29 -0.141811634276 -0.00118570708288
-1.28 -0.143014737193 -0.00122191541564
-1.27 -0.144254879356 -0.00125987807551
-1.26 -0.145533868998 -0.00129971055251
-1.25 -0.146853634287 -0.00134153800327
-1.24 -0.148216233437 -0.0013854962386
-1.23 -0.149623865867 -0.00143173283083
-1.22 -0.15107888452 -0.0014804083577
-1.21 -0.152583809501 -0.00153169780262
-1.2 -0.154141343189 -0.00158579213385
-1.19 -0.155754387028 -0.00164290008955
-1.18 -0.157426060197 -0.00170325019971
-1.17 -0.159159720427 -0.00176709308166
-1.16 -0.160958987256 -0.00183470405233
-1.15 -0.162827768051 -0.00190638610817
-1.14 -0.164770287196 -0.00198247333299
-1.13 -0.166791118915 -0.00206333480564
-1.12 -0.168895224242 -0.00214937909278
-1.11 -0.171087992791 -0.00224105942941
-1.1 -0.173375290055 -0.00233887970969
-1.09 -0.175763511099 -0.00244340143669
-1.08 -0.178259641701 -0.00255525181007
-1.07 -0.18087132815 -0.00267513317011
-1.06 -0.183606957178 -0.00280383406399
-1.05 -0.186475747786 -0.00294224226111
-1.04 -0.189487857066 -0.00309136011937
-1.03 -0.192654502595 -0.00325232280084
-1.02 -0.195988104477 -0.00342641995665
-1.01 -0.199502450836 -0.0036151216572
-1.0 -0.203212891396 -0.00382010954458
-0.99 -0.207136564855 -0.00404331444416
-0.98 -0.211292667146 -0.00428696201233
-0.97 -0.21570276942 -0.00455362844346
-0.96 -0.22039119683 -0.00484630885067
-0.95 -0.225385482103 -0.00516850172497
-0.94 -0.230716911715 -0.00552431394123
-0.93 -0.236421187447 -0.00591859222611
-0.92 -0.242539232768 -0.00635708898915
-0.91 -0.249118182385 -0.00684667317346
-0.9 -0.256212605307 -0.0073956006477
-0.89 -0.26388602824 -0.00801386414759
-0.88 -0.272212848835 -0.00871365066512
-0.87 -0.281280760125 -0.00950994568419
-0.86 -0.291193852485 -0.0104213406787
-0.85 -0.302076624231 -0.0114711258743
-0.84 -0.314079226311 -0.0126887894211
-0.83 -0.327384406519 -0.0141121051686
-0.82 -0.342216829861 -0.0157900884262
-0.81 -0.35885577668 -0.0177872574184
-0.8 -0.377652730918 -0.0201899026562
-0.79 -0.399056192736 -0.0231155209161
-0.78 -0.423647406478 -0.026727376199
-0.77 -0.452192999799 -0.0312576294771
-0.76 -0.48572457117 -0.0370453060334
-0.75 -0.52566260304 -0.0446010224962
-0.74 -0.574015939856 -0.0547223090821
-0.73 -0.633715394958 -0.0687100486553
-0.72 -0.709196439112 -0.088800794239
-0.71 -0.807467665533 -0.119098274225
-0.7 -0.940173060064 -0.167778324755
-0.69 -1.12774093719 -0.252967327215
-0.68 -1.40748279188 -0.420995453792
-0.67 -1.84097324088 -0.814802616907
-0.66 -2.36993628016 -1.96377862521
-0.65 -0.839214899478 -4.51939089859
-0.64 2.21122222501 -2.75108831768
-0.63 1.88202683438 -1.06853648334
-0.62 1.38617466398 -0.515934123377
-0.61 1.06213443584 -0.296704180164
-0.6 0.848686213665 -0.191136113471
-0.59 0.700296258549 -0.132938621187
-0.58 0.591971776889 -0.0976477071851
-0.57 0.509711513827 -0.0746996342847
-0.56 0.445240994758 -0.0589642371401
-0.55 0.393407865971 -0.0477163717041
-0.54 0.350854379575 -0.0394030568093
-0.53 0.315305886849 -0.0330879398623
-0.52 0.285169919847 -0.0281797548402
-0.51 0.259299821076 -0.0242904782176
-0.5 0.236849715556 -0.0211570297462
-0.49 0.217182363624 -0.0185959902073
-0.48 0.199808791104 -0.0164763502627
-0.47 0.184347656252 -0.014702536469
-0.46 0.17049723929 -0.0132035163339
-0.45 0.158015717804 -0.0119256179638
-0.44 0.146707009417 -0.0108276856182
-0.43 0.136410434089 -0.00987774222541
-0.42 0.126993046799 -0.00905064662769
-0.41 0.11834386913 -0.00832642118743
-0.4 0.110369491992 -0.00768903977556
-0.39 0.102990682158 -0.00712553750487
-0.38 0.0961397327136 -0.00662534904976
-0.37 0.0897583706738 -0.0061798119977
-0.36 0.0837960854064 -0.00578179135291
-0.35 0.0782087766295 -0.00542539469388
-0.34 0.0729576452108 -0.00510575686941
-0.33 0.0680082668858 -0.00481888002527
-0.32 0.0633298000794 -0.00456152030592
-0.31 0.058894285164 -0.00433111777733
-0.3 0.0546759936288 -0.00412577219222
-0.29 0.050650780446 -0.00394427619736
-0.28 0.0467953778576 -0.00378623359928
-0.27 0.0430865358566 -0.00365232298942
-0.26 0.0394998458959 -0.00354484122193
-0.25 0.0360079392201 -0.00346884812119
-0.24 0.0325774392294 -0.00343476383387
-0.23 0.0291634172981 -0.00346500862469
-0.22 0.0256996532141 -0.0036140751179
-0.21 0.0220969194402 -0.00404193479597
-0.2 0.0184800201338 -0.00520614668425
-0.19 0.015786448923 -0.00705796205795
-0.18 0.01396783382 -0.00862814281314
-0.17 0.012511086223 -0.00981558043376
-0.16 0.0112328649026 -0.0107282403808
-0.15 0.010066082223 -0.0114417410373
-0.14 0.00897991226917 -0.0120039937992
-0.13 0.00795748905057 -0.0124467982872
-0.12 0.00698833408653 -0.0127923803031
-0.11 0.00606529441997 -0.0130569510958
-0.1 0.00518312878576 -0.01325273906
-0.0900000000001 0.00433778456662 -0.0133892140114
-0.0800000000001 0.00352599676389 -0.0134738617233
-0.0700000000001 0.00274505029079 -0.0135126946987
-0.0600000000001 0.00199263097567 -0.0135106009206
-0.0500000000001 0.00126672756081 -0.0134715889209
-0.0400000000001 0.000565564444121 -0.0133989640506
-0.0300000000001 -0.000112446290526 -0.013295457563
-0.0200000000001 -0.000768740336551 -0.0131633223071
-0.0100000000001 -0.00140462831097 -0.0130044040438
-1.06581410364e-13 -0.00202131728435 -0.0128201943615
0.00999999999989 -0.00261992851972 -0.01261186915
0.0199999999999 -0.00320151273143 -0.0123803151963
0.0299999999999 -0.00376706388738 -0.0121261464142
0.0399999999999 -0.00431753245197 -0.0118497103634
0.0499999999999 -0.00485383897791 -0.011551084897
0.0599999999999 -0.00537688911389 -0.0112300638922
0.0699999999999 -0.00588759145489 -0.0108861299013
0.0799999999999 -0.00638688034064 -0.0105184099918
0.0899999999999 -0.0068757469436 -0.0101256086604
0.0999999999999 -0.0073552842701 -0.00970590785504
0.11 -0.00782675605921 -0.0092568176088
0.12 -0.0082917083132 -0.0087749491984
0.13 -0.00875216084987 -0.00825566115338
0.14 -0.00921095912617 -0.00769248624984
0.15 -0.00967247450319 -0.00707616102547
0.16 -0.0101441457468 -0.00639289558537
0.17 -0.0106403475325 -0.005621151022
0.18 -0.0111939320679 -0.00472590036265
0.19 -0.0118980430801 -0.00365699603296
0.2 -0.0130167004086 -0.00247986937892
0.21 -0.0145483210928 -0.00171901537032
0.22 -0.0159694232932 -0.00137860830218
0.23 -0.0172142570605 -0.00119621219455
0.24 -0.0183327835407 -0.00107949818908
0.25 -0.0193600777667 -0.000996183606116
0.26 -0.0203178872583 -0.000932380003715
0.27 -0.0212203239699 -0.000881107088082
0.28 -0.0220770611977 -0.0008384479787
0.29 -0.0228950500671 -0.000802020017401
0.3 -0.0236794832366 -0.000770282043124
0.31 -0.0244343654983 -0.000742187942495
0.32 -0.025162868423 -0.00071699946814
0.33 -0.0258675602409 -0.000694178659664
0.34 -0.0265505603174 -0.000673322810555
0.35 -0.027213646219 -0.000654123465917
0.36 -0.0278583299334 -0.000636339635496
0.37 -0.0284859134113 -0.000619779752432
0.38 -0.0290975298774 -0.000604289197438
0.39 -0.0296941751187 -0.000589741470067
0.4 -0.0302767315692 -0.000576031812287
0.41 -0.0308459871187 -0.000563072518957
0.42 -0.0314026499965 -0.00055078943248
0.43 -0.0319473606893 -0.000539119283988
0.44 -0.0324807015878 -0.000528007649696
0.45 -0.0330032048737 -0.000517407360998
0.46 -0.0335153590264 -0.000507277253805
0.47 -0.0340176142375 -0.000497581174681
0.48 -0.0345103869503 -0.000488287183609
0.49 -0.0349940636948 -0.000479366908896
0.5 -0.0354690043494 -0.00047079502095
0.51 -0.0359355449311 -0.000462548799781
0.52 -0.0363939999992 -0.000454607777015
0.53 -0.0368446647349 -0.000446953437634
0.54 -0.0372878167515 -0.000439568969912
0.55 -0.037723717678 -0.000432439054548
0.56 -0.0381526145494 -0.000425549685861
0.57 -0.0385747410345 -0.000418888019377
0.58 -0.0389903185234 -0.000412442241275
0.59 -0.0393995570949 -0.000406201456033
0.6 -0.0398026563808 -0.000400155589297
0.61 -0.0401998063395 -0.000394295303562
0.62 -0.0405911879524 -0.000388611924679
0.63 -0.0409769738513 -0.000383097377549
0.64 -0.0413573288864 -0.000377744129642
0.65 -0.0417324106409 -0.000372545141233
0.66 -0.0421023699005 -0.000367493821389
0.67 -0.0424673510796 -0.000362583988929
0.68 -0.042827492613 -0.000357809837685
0.69 -0.0431829273135 -0.000353165905499
0.7 -0.0435337827006 -0.000348647046478
0.71 -0.0438801813037 -0.000344248406091
0.72 -0.0442222409408 -0.000339965398771
0.73 -0.0445600749769 -0.000335793687706
0.74 -0.0448937925625 -0.000331729166568
0.75 -0.0452234988554 -0.000327767942959
0.76 -0.0455492952265 -0.000323906323373
0.77 -0.0458712794511 -0.00032014079951
0.78 -0.0461895458875 -0.000316468035793
0.79 -0.0465041856439 -0.000312884857961
0.8 -0.0468152867336 -0.000309388242625
0.81 -0.047122934221 -0.00030597530769
0.82 -0.0474272103582 -0.000302643303553
0.83 -0.0477281947132 -0.000299389605
0.84 -0.0480259642902 -0.000296211703736
0.85 -0.0483205936429 -0.000293107201491
0.86 -0.0486121549809 -0.000290073803643
0.87 -0.0489007182707 -0.000287109313306
0.88 -0.0491863513302 -0.000284211625859
0.89 -0.0494691199181 -0.000281378723855
0.9 -0.0497490878191 -0.000278608672289
0.91 -0.0500263169233 -0.0002758996142
0.92 -0.0503008673029 -0.000273249766555
0.93 -0.0505727972832 -0.000270657416428
0.94 -0.0508421635117 -0.000268120917408
0.95 -0.0511090210221 -0.00026563868626
0.96 -0.0513734232963 -0.000263209199781
0.97 -0.0516354223227 -0.000260830991865
0.98 -0.051895068652 -0.000258502650739
0.99 -0.0521524114498 -0.000256222816378
1.0 -0.0524074985475 -0.000253990178065
1.01 -0.0526603764902 -0.000251803472104
1.02 -0.0529110905825 -0.000249661479655
1.03 -0.0531596849324 -0.000247563024706
1.04 -0.0534062024934 -0.000245506972151
1.05 -0.0536506851038 -0.00024349222598
1.06 -0.0538931735255 -0.000241517727566
1.07 -0.0541337074802 -0.000239582454049
1.08 -0.0543723256845 -0.000237685416804
1.09 -0.0546090658835 -0.000235825659988
1.1 -0.0548439648825 -0.000234002259175
1.11 -0.0550770585781 -0.000232214320043
1.12 -0.0553083819874 -0.00023046097715
1.13 -0.0555379692766 -0.000228741392751
1.14 -0.0557658537876 -0.000227054755692
1.15 -0.0559920680647 -0.000225400280347
1.16 -0.0562166438788 -0.000223777205612
1.17 -0.0564396122523 -0.000222184793948
1.18 -0.0566610034816 -0.00022062233047
1.19 -0.0568808471593 -0.000219089122076
1.2 -0.0570991721958 -0.000217584496621
1.21 -0.05731600684 -0.000216107802127
1.22 -0.0575313786985 -0.00021465840603
1.23 -0.0577453147552 -0.000213235694463
1.24 -0.0579578413893 -0.000211839071569
1.25 -0.0581689843931 -0.000210467958846
1.26 -0.0583787689891 -0.000209121794518
1.27 -0.0585872198462 -0.000207800032943
1.28 -0.0587943610958 -0.000206502144032
1.29 -0.0590002163468 -0.000205227612708
1.3 -0.0592048087006 -0.000203975938376
1.31 -0.0594081607652 -0.000202746634427
1.32 -0.0596102946689 -0.00020153922775
1.33 -0.0598112320736 -0.000200353258275
1.34 -0.0600109941875 -0.000199188278531
1.35 -0.0602096017779 -0.000198043853219
1.36 -0.0604070751824 -0.000196919558811
1.37 -0.0606034343214 -0.000195814983152
1.38 -0.0607986987083 -0.000194729725092
1.39 -0.0609928874614 -0.000193663394123
1.4 -0.0611860193132 -0.000192615610033
1.41 -0.0613781126215 -0.000191586002578
1.42 -0.0615691853786 -0.000190574211157
1.43 -0.0617592552212 -0.000189579884507
1.44 -0.0619483394392 -0.000188602680412
1.45 -0.0621364549847 -0.000187642265412
1.46 -0.062323618481 -0.000186698314535
1.47 -0.0625098462304 -0.000185770511033
1.48 -0.0626951542227 -0.000184858546127
1.49 -0.0628795581427 -0.000183962118763
1.5 -0.0630630733781 -0.00018308093538
1.51 -0.0632457150268 -0.000182214709681
1.52 -0.0634274979039 -0.000181363162414
1.53 -0.0636084365489 -0.000180526021164
1.54 -0.0637885452321 -0.00017970302015
1.55 -0.0639678379615 -0.000178893900026
1.56 -0.0641463284889 -0.000178098407697
1.57 -0.064324030316 -0.000177316296131
1.58 -0.0645009567006 -0.00017654732419
1.59 -0.0646771206623 -0.000175791256455
1.6 -0.0648525349881 -0.000175047863062
1.61 -0.0650272122379 -0.000174316919549
1.62 -0.0652011647498 -0.000173598206695
1.63 -0.0653744046453 -0.000172891510381
1.64 -0.0655469438342 -0.000172196621438
1.65 -0.0657187940199 -0.000171513335518
1.66 -0.0658899667036 -0.000170841452953
1.67 -0.0660604731893 -0.000170180778629
1.68 -0.0662303245879 -0.000169531121863
1.69 -0.0663995318221 -0.000168892296278
1.7 -0.0665681056303 -0.00016826411969
1.71 -0.0667360565708 -0.000167646413991
1.72 -0.0669033950256 -0.000167039005046
1.73 -0.067070131205 -0.000166441722577
1.74 -0.0672362751504 -0.000165854400069
1.75 -0.067401836739 -0.000165276874668
1.76 -0.0675668256867 -0.000164708987084
1.77 -0.0677312515521 -0.000164150581496
1.78 -0.0678951237395 -0.000163601505465
1.79 -0.0680584515026 -0.000163061609846
1.8 -0.0682212439474 -0.000162530748701
1.81 -0.0683835100357 -0.000162008779217
1.82 -0.0685452585882 -0.000161495561628
1.83 -0.068706498287 -0.000160990959135
1.84 -0.0688672376791 -0.000160494837835
1.85 -0.069027485179 -0.000160007066643
1.86 -0.0691872490715 -0.000159527517225
1.87 -0.0693465375144 -0.000159056063929
1.88 -0.0695053585413 -0.000158592583717
1.89 -0.069663720064 -0.000158136956101
1.9 -0.0698216298751 -0.000157689063081
1.91 -0.0699790956503 -0.000157248789085
1.92 -0.070136124951 -0.000156816020906
1.93 -0.0702927252269 -0.000156390647649
1.94 -0.0704489038173 -0.000155972560673
1.95 -0.0706046679547 -0.000155561653537
1.96 -0.0707600247657 -0.000155157821947
1.97 -0.0709149812739 -0.000154760963709
1.98 -0.0710695444018 -0.000154370978671
1.99 -0.0712237209727 -0.000153987768682
2.0 -0.0713775177127 -0.000153611237543
2.01 -0.0715309412527 -0.000153241290961
2.02 -0.0716839981303 -0.000152877836502
2.03 -0.0718366947917 -0.000152520783554
2.04 -0.071989037593 -0.000152170043278
2.05 -0.0721410328028 -0.000151825528575
2.06 -0.0722926866033 -0.000151487154036
2.07 -0.0724440050919 -0.000151154835915
2.08 -0.0725949942835 -0.000150828492082
2.09 -0.0727456601113 -0.000150508041991
2.1 -0.0728960084291 -0.000150193406643
2.11 -0.073046045012 -0.000149884508555
2.12 -0.0731957755589 -0.000149581271717
2.13 -0.0733452056931 -0.000149283621572
2.14 -0.0734943409641 -0.000148991484971
2.15 -0.073643186849 -0.000148704790152
2.16 -0.0737917487538 -0.000148423466706
2.17 -0.0739400320148 -0.000148147445544
2.18 -0.0740880418999 -0.000147876658873
2.19 -0.0742357836097 -0.000147611040168
2.2 -0.0743832622792 -0.000147350524142
2.21 -0.0745304829784 -0.000147095046718
2.22 -0.0746774507139 -0.000146844545008
2.23 -0.0748241704303 -0.000146598957287
2.24 -0.0749706470106 -0.000146358222961
2.25 -0.0751168852781 -0.000146122282554
2.26 -0.0752628899971 -0.000145891077677
2.27 -0.0754086658739 -0.000145664551005
2.28 -0.0755542175583 -0.000145442646262
2.29 -0.0756995496441 -0.000145225308189
2.3 -0.0758446666704 -0.000145012482533
2.31 -0.0759895731227 -0.000144804116017
2.32 -0.0761342734334 -0.000144600156328
2.33 -0.0762787719834 -0.000144400552091
2.34 -0.0764230731025 -0.000144205252854
2.35 -0.0765671810706 -0.000144014209067
2.36 -0.0767111001183 -0.000143827372065
2.37 -0.0768548344283 -0.00014364469405
2.38 -0.0769983881356 -0.000143466128073
2.39 -0.077141765329 -0.000143291628016
2.4 -0.0772849700514 -0.00014312114858
2.41 -0.0774280063007 -0.000142954645262
2.42 -0.077570878031 -0.000142792074344
2.43 -0.0777135891528 -0.000142633392878
2.44 -0.0778561435343 -0.000142478558669
2.45 -0.0779985450015 -0.000142327530257
2.46 -0.0781407973397 -0.000142180266912
2.47 -0.0782829042935 -0.000142036728609
2.48 -0.0784248695682 -0.000141896876023
2.49 -0.0785666968298 -0.000141760670511
2.5 -0.0787083897062 -0.0001416280741
2.51 -0.0788499517874 -0.000141499049475
2.52 -0.0789913866267 -0.000141373559964
2.53 -0.0791326977409 -0.000141251569529
2.54 -0.0792738886111 -0.000141133042754
2.55 -0.0794149626834 -0.00014101794483
2.56 -0.0795559233691 -0.000140906241546
2.57 -0.079696774046 -0.000140797899279
2.58 -0.0798375180583 -0.000140692884979
2.59 -0.0799781587174 -0.000140591166165
2.6 -0.0801186993027 -0.000140492710906
2.61 -0.0802591430618 -0.00014039748782
2.62 -0.0803994932112 -0.000140305466056
2.63 -0.0805397529369 -0.000140216615289
2.64 -0.0806799253947 -0.000140130905711
2.65 -0.0808200137109 -0.000140048308019
2.66 -0.080960020983 -0.000139968793404
2.67 -0.0810999502794 -0.00013989233355
2.68 -0.081239804641 -0.000139818900617
2.69 -0.0813795870808 -0.000139748467237
2.7 -0.0815193005846 -0.000139681006504
2.71 -0.0816589481117 -0.000139616491968
2.72 -0.0817985325951 -0.000139554897622
2.73 -0.081938056942 -0.000139496197901
2.74 -0.0820775240343 -0.000139440367669
2.75 -0.082216936729 -0.000139387382216
2.76 -0.0823562978585 -0.000139337217244
2.77 -0.0824956102313 -0.000139289848867
2.78 -0.0826348766319 -0.000139245253601
2.79 -0.0827740998217 -0.000139203408356
2.8 -0.0829132825394 -0.000139164290432
2.81 -0.0830524275009 -0.000139127877509
2.82 -0.0831915374001 -0.000139094147644
2.83 -0.083330614909 -0.000139063079262
2.84 -0.0834696626784 -0.000139034651152
2.85 -0.0836086833381 -0.00013900884246
2.86 -0.083747679497 -0.000138985632681
2.87 -0.0838866537439 -0.000138965001659
2.88 -0.0840256086473 -0.000138946929574
2.89 -0.0841645467565 -0.000138931396942
2.9 -0.0843034706011 -0.000138918384608
2.91 -0.0844423826918 -0.000138907873737
2.92 -0.0845812855209 -0.000138899845817
2.93 -0.0847201815619 -0.000138894282645
2.94 -0.0848590732705 -0.000138891166329
2.95 -0.0849979630847 -0.000138890479276
2.96 -0.085136853425 -0.000138892204195
2.97 -0.0852757466948 -0.000138896324087
2.98 -0.0854146452804 -0.000138902822243
2.99 -0.0855535515519 -0.000138911682235
3.0 -0.085692467863 -0.00013892288792
3.01 -0.0858313965511 -0.000138936423426
3.02 -0.0859703399384 -0.000138952273155
3.03 -0.0861093003311 -0.000138970421777
3.04 -0.0862482800206 -0.000138990854221
3.05 -0.0863872812832 -0.000139013555679
3.06 -0.0865263063805 -0.000139038511598
3.07 -0.0866653575596 -0.000139065707673
3.08 -0.0868044370538 -0.000139095129851
3.09 -0.0869435470819 -0.000139126764318
3.1 -0.0870826898495 -0.000139160597505
3.11 -0.0872218675484 -0.000139196616077
3.12 -0.0873610823575 -0.000139234806931
3.13 -0.0875003364424 -0.000139275157198
3.14 -0.0876396319563 -0.000139317654231
3.15 -0.0877789710394 -0.000139362285609
3.16 -0.0879183558201 -0.000139409039128
3.17 -0.0880577884143 -0.000139457902805
3.18 -0.0881972709262 -0.000139508864867
3.19 -0.0883368054484 -0.000139561913753
3.2 -0.0884763940619 -0.00013961703811
3.21 -0.0886160388365 -0.000139674226789
3.22 -0.088755741831 -0.000139733468842
3.23 -0.0888955050933 -0.000139794753523
3.24 -0.0890353306606 -0.00013985807028
3.25 -0.0891752205599 -0.000139923408754
3.26 -0.0893151768076 -0.000139990758779
3.27 -0.0894552014102 -0.000140060110375
3.28 -0.0895952963644 -0.000140131453751
3.29 -0.089735463657 -0.000140204779297
3.3 -0.0898757052654 -0.000140280077583
3.31 -0.0900160231577 -0.00014035733936
3.32 -0.0901564192926 -0.000140436555554
3.33 -0.0902968956202 -0.000140517717263
3.34 -0.0904374540816 -0.00014060081576
3.35 -0.090578096609 -0.000140685842484
3.36 -0.0907188251266 -0.000140772789043
3.37 -0.0908596415499 -0.000140861647209
3.38 -0.0910005477864 -0.000140952408918
3.39 -0.0911415457358 -0.000141045066265
3.4 -0.0912826372896 -0.000141139611506
3.41 -0.091423824332 -0.000141236037051
3.42 -0.0915651087394 -0.000141334335467
3.43 -0.0917064923811 -0.000141434499473
3.44 -0.0918479771189 -0.00014153652194
3.45 -0.0919895648078 -0.000141640395888
3.46 -0.0921312572958 -0.000141746114481
3.47 -0.0922730564241 -0.000141853671035
3.48 -0.0924149640274 -0.000141963059004
3.49 -0.0925569819337 -0.000142074271987
3.5 -0.0926991119651 -0.000142187303723
3.51 -0.0928413559369 -0.000142302148091
3.52 -0.092983715659 -0.000142418799106
3.53 -0.0931261929349 -0.000142537250917
3.54 -0.0932687895625 -0.000142657497811
3.55 -0.093411507334 -0.000142779534205
3.56 -0.0935543480362 -0.000142903354648
3.57 -0.0936973134504 -0.000143028953818
3.58 -0.0938404053526 -0.000143156326522
3.59 -0.0939836255139 -0.000143285467693
3.6 -0.0941269757002 -0.00014341637239
3.61 -0.0942704576724 -0.000143549035797
3.62 -0.0944140731871 -0.000143683453219
3.63 -0.0945578239957 -0.000143819620083
3.64 -0.0947017118455 -0.000143957531936
3.65 -0.0948457384794 -0.000144097184447
3.66 -0.0949899056356 -0.000144238573397
3.67 -0.0951342150487 -0.000144381694688
3.68 -0.0952786684489 -0.000144526544335
3.69 -0.0954232675625 -0.00014467311847
3.7 -0.0955680141122 -0.000144821413334
3.71 -0.0957129098168 -0.000144971425283
3.72 -0.0958579563916 -0.000145123150783
3.73 -0.0960031555483 -0.000145276586409
3.74 -0.0961485089955 -0.000145431728845
3.75 -0.0962940184381 -0.000145588574884
3.76 -0.0964396855784 -0.000145747121424
3.77 -0.0965855121151 -0.000145907365469
3.78 -0.0967314997444 -0.000146069304128
3.79 -0.0968776501594 -0.000146232934614
3.8 -0.0970239650506 -0.000146398254242
3.81 -0.0971704461057 -0.00014656526043
3.82 -0.0973170950101 -0.000146733950696
3.83 -0.0974639134465 -0.000146904322658
3.84 -0.0976109030956 -0.000147076374035
3.85 -0.0977580656355 -0.000147250102642
3.86 -0.0979054027425 -0.000147425506394
3.87 -0.0980529160906 -0.000147602583301
3.88 -0.098200607352 -0.000147781331469
3.89 -0.098348478197 -0.000147961749101
3.9 -0.0984965302943 -0.000148143834493
3.91 -0.0986447653106 -0.000148327586034
3.92 -0.0987931849114 -0.000148513002208
3.93 -0.0989417907606 -0.00014870008159
3.94 -0.0990905845206 -0.000148888822848
3.95 -0.0992395678528 -0.000149079224738
3.96 -0.0993887424169 -0.000149271286109
3.97 -0.0995381098722 -0.000149465005899
3.98 -0.0996876718763 -0.000149660383133
3.99 -0.0998374300862 -0.000149857416928
4.0 -0.0999873861582 -0.000150056106486
4.01 -0.100137541747 -0.000150256451096
4.02 -0.100287898509 -0.000150458450135
4.03 -0.100438458096 -0.000150662103065
4.04 -0.100589222164 -0.000150867409434
4.05 -0.100740192364 -0.000151074368874
4.06 -0.100891370351 -0.000151282981102
4.07 -0.101042757776 -0.00015149324592
4.08 -0.101194356292 -0.00015170516321
4.09 -0.101346167551 -0.000151918732939
4.1 -0.101498193207 -0.000152133955158
4.11 -0.101650434911 -0.000152350829996
4.12 -0.101802894316 -0.000152569357667
4.13 -0.101955573075 -0.000152789538463
4.14 -0.102108472842 -0.000153011372759
4.15 -0.102261595269 -0.000153234861008
4.16 -0.102414942012 -0.000153460003745
4.17 -0.102568514725 -0.000153686801581
4.18 -0.102722315063 -0.00015391525521
4.19 -0.102876344683 -0.0001541453654
4.2 -0.103030605242 -0.000154377133002
4.21 -0.103185098396 -0.000154610558941
4.22 -0.103339825806 -0.00015484564422
4.23 -0.103494789131 -0.000155082389921
4.24 -0.103649990032 -0.000155320797201
4.25 -0.103805430171 -0.000155560867294
4.26 -0.103961111212 -0.000155802601511
4.27 -0.104117034819 -0.000156046001236
4.28 -0.104273202659 -0.000156291067933
4.29 -0.104429616399 -0.000156537803136
4.3 -0.104586277709 -0.000156786208459
4.31 -0.104743188259 -0.000157036285587
4.32 -0.104900349722 -0.000157288036282
4.33 -0.105057763773 -0.000157541462379
4.34 -0.105215432087 -0.000157796565787
4.35 -0.105373356345 -0.000158053348488
4.36 -0.105531538224 -0.00015831181254
4.37 -0.105689979408 -0.000158571960073
4.38 -0.105848681582 -0.000158833793289
4.39 -0.106007646432 -0.000159097314464
4.4 -0.106166875648 -0.000159362525947
4.41 -0.10632637092 -0.00015962943016
4.42 -0.106486133943 -0.000159898029595
4.43 -0.106646166413 -0.000160168326821
4.44 -0.10680647003 -0.000160440324473
4.45 -0.106967046494 -0.000160714025264
4.46 -0.107127897512 -0.000160989431974
4.47 -0.107289024789 -0.000161266547458
4.48 -0.107450430036 -0.000161545374641
4.49 -0.107612114967 -0.000161825916519
4.5 -0.107774081296 -0.000162108176162
4.51 -0.107936330745 -0.000162392156709
4.52 -0.108098865035 -0.000162677861371
4.53 -0.108261685892 -0.000162965293429
4.54 -0.108424795045 -0.000163254456238
4.55 -0.108588194227 -0.00016354535322
4.56 -0.108751885172 -0.000163837987872
4.57 -0.108915869622 -0.000164132363758
4.58 -0.109080149318 -0.000164428484517
4.59 -0.109244726008 -0.000164726353855
4.6 -0.109409601442 -0.000165025975552
4.61 -0.109574777374 -0.000165327353456
4.62 -0.109740255562 -0.000165630491487
4.63 -0.109906037769 -0.000165935393637
4.64 -0.11007212576 -0.000166242063968
4.65 -0.110238521306 -0.000166550506611
4.66 -0.110405226181 -0.00016686072577
4.67 -0.110572242164 -0.000167172725718
4.68 -0.110739571037 -0.000167486510802
4.69 -0.110907214589 -0.000167802085437
4.7 -0.11107517461 -0.000168119454109
4.71 -0.111243452898 -0.000168438621376
4.72 -0.111412051252 -0.000168759591868
4.73 -0.111580971479 -0.000169082370284
4.74 -0.111750215388 -0.000169406961395
4.75 -0.111919784796 -0.000169733370044
4.76 -0.112089681521 -0.000170061601145
4.77 -0.112259907389 -0.000170391659682
4.78 -0.112430464229 -0.000170723550713
4.79 -0.112601353878 -0.000171057279365
4.8 -0.112772578174 -0.00017139285084
4.81 -0.112944138963 -0.000171730270409
4.82 -0.113116038097 -0.000172069543416
4.83 -0.11328827743 -0.000172410675278
4.84 -0.113460858826 -0.000172753671483
4.85 -0.11363378415 -0.000173098537591
4.86 -0.113807055276 -0.000173445279237
4.87 -0.113980674081 -0.000173793902126
4.88 -0.114154642451 -0.000174144412039
4.89 -0.114328962275 -0.000174496814826
4.9 -0.114503635448 -0.000174851116413
4.91 -0.114678663872 -0.000175207322799
4.92 -0.114854049456 -0.000175565440057
4.93 -0.115029794114 -0.000175925474334
4.94 -0.115205899764 -0.000176287431848
4.95 -0.115382368334 -0.000176651318895
4.96 -0.115559201756 -0.000177017141845
4.97 -0.11573640197 -0.00017738490714
4.98 -0.115913970921 -0.000177754621299
4.99 -0.116091910561 -0.000178126290916
5.0 -0.116270222849 -0.000178499922661
5.01 -0.11644890975 -0.000178875523278
5.02 -0.116627973237 -0.000179253099587
5.03 -0.116807415288 -0.000179632658486
5.04 -0.116987237891 -0.000180014206948
5.05 -0.117167443037 -0.000180397752022
5.06 -0.117348032727 -0.000180783300837
5.07 -0.117529008968 -0.000181170860596
5.08 -0.117710373775 -0.00018156043858
5.09 -0.11789212917 -0.000181952042151
5.1 -0.118074277182 -0.000182345678745
5.11 -0.118256819847 -0.000182741355879
5.12 -0.118439759211 -0.000183139081149
5.13 -0.118623097324 -0.000183538862228
5.14 -0.118806836247 -0.000183940706871
5.15 -0.118990978048 -0.000184344622911
5.16 -0.1191755248 -0.000184750618262
5.17 -0.119360478588 -0.00018515870092
5.18 -0.119545841504 -0.000185568878958
5.19 -0.119731615645 -0.000185981160535
5.2 -0.119917803121 -0.000186395553888
5.21 -0.120104406046 -0.000186812067337
5.22 -0.120291426546 -0.000187230709286
5.23 -0.120478866752 -0.00018765148822
5.24 -0.120666728807 -0.000188074412709
5.25 -0.12085501486 -0.000188499491403
5.26 -0.121043727069 -0.000188926733041
5.27 -0.121232867602 -0.000189356146444
5.28 -0.121422438635 -0.000189787740517
5.29 -0.121612442353 -0.000190221524251
5.3 -0.12180288095 -0.000190657506725
5.31 -0.12199375663 -0.000191095697101
5.32 -0.122185071606 -0.00019153610463
5.33 -0.122376828098 -0.00019197873865
5.34 -0.122569028338 -0.000192423608585
5.35 -0.122761674566 -0.00019287072395
5.36 -0.122954769034 -0.000193320094345
5.37 -0.123148314 -0.000193771729462
5.38 -0.123342311735 -0.000194225639082
5.39 -0.123536764517 -0.000194681833077
5.4 -0.123731674636 -0.000195140321407
5.41 -0.123927044391 -0.000195601114126
5.42 -0.124122876093 -0.000196064221379
5.43 -0.124319172059 -0.000196529653402
5.44 -0.124515934621 -0.000196997420526
5.45 -0.124713166118 -0.000197467533174
5.46 -0.124910868902 -0.000197940001864
5.47 -0.125109045333 -0.000198414837208
5.48 -0.125307697784 -0.000198892049912
5.49 -0.125506828637 -0.00019937165078
5.5 -0.125706440286 -0.000199853650711
5.51 -0.125906535135 -0.000200338060702
5.52 -0.1261071156 -0.000200824891846
5.53 -0.126308184108 -0.000201314155336
5.54 -0.126509743096 -0.000201805862462
5.55 -0.126711795015 -0.000202300024616
5.56 -0.126914342323 -0.000202796653288
5.57 -0.127117387495 -0.000203295760068
5.58 -0.127320933014 -0.000203797356652
5.59 -0.127524981375 -0.000204301454833
5.6 -0.127729535085 -0.000204808066509
5.61 -0.127934596666 -0.000205317203683
5.62 -0.128140168647 -0.00020582887846
5.63 -0.128346253573 -0.00020634310305
5.64 -0.128552853999 -0.000206859889771
5.65 -0.128759972494 -0.000207379251046
5.66 -0.128967611639 -0.000207901199404
5.67 -0.129175774026 -0.000208425747483
5.68 -0.129384462263 -0.000208952908031
5.69 -0.129593678967 -0.000209482693903
5.7 -0.129803426771 -0.000210015118066
5.71 -0.130013708319 -0.000210550193598
5.72 -0.13022452627 -0.000211087933688
5.73 -0.130435883294 -0.000211628351637
5.74 -0.130647782076 -0.000212171460861
5.75 -0.130860225314 -0.00021271727489
5.76 -0.13107321572 -0.000213265807369
5.77 -0.131286756018 -0.000213817072058
5.78 -0.131500848949 -0.000214371082835
5.79 -0.131715497264 -0.000214927853696
5.8 -0.131930703731 -0.000215487398754
5.81 -0.132146471132 -0.000216049732242
5.82 -0.132362802262 -0.000216614868516
5.83 -0.13257969993 -0.000217182822049
5.84 -0.132797166962 -0.00021775360744
5.85 -0.133015206196 -0.000218327239408
5.86 -0.133233820487 -0.000218903732799
5.87 -0.133453012703 -0.000219483102582
5.88 -0.133672785728 -0.000220065363853
5.89 -0.133893142461 -0.000220650531835
5.9 -0.134114085818 -0.000221238621879
5.91 -0.134335618726 -0.000221829649464
5.92 -0.134557744132 -0.000222423630201
5.93 -0.134780464997 -0.00022302057983
5.94 -0.135003784297 -0.000223620514226
5.95 -0.135227705025 -0.000224223449393
5.96 -0.13545223019 -0.000224829401473
5.97 -0.135677362817 -0.000225438386742
5.98 -0.135903105947 -0.000226050421612
5.99 -0.136129462638 -0.000226665522632
6.0 -0.136356435965 -0.000227283706492
6.01 -0.136584029018 -0.000227904990019
6.02 -0.136812244906 -0.000228529390183
6.03 -0.137041086754 -0.000229156924096
6.04 -0.137270557704 -0.00022978760901
6.05 -0.137500660915 -0.000230421462327
6.06 -0.137731399566 -0.000231058501589
6.07 -0.137962776851 -0.000231698744489
6.08 -0.138194795981 -0.000232342208867
6.09 -0.138427460189 -0.00023298891271
6.1 -0.138660772721 -0.000233638874159
6.11 -0.138894736845 -0.000234292111505
6.12 -0.139129355846 -0.000234948643191
6.13 -0.139364633027 -0.000235608487818
6.14 -0.139600571711 -0.00023627166414
6.15 -0.139837175238 -0.000236938191067
6.16 -0.14007444697 -0.000237608087672
6.17 -0.140312390284 -0.000238281373183
6.18 -0.14055100858 -0.000238958066991
6.19 -0.140790305275 -0.000239638188651
6.2 -0.141030283808 -0.00024032175788
6.21 -0.141270947635 -0.000241008794561
6.22 -0.141512300235 -0.000241699318744
6.23 -0.141754345104 -0.000242393350647
6.24 -0.14199708576 -0.000243090910659
6.25 -0.142240525742 -0.000243792019339
6.26 -0.142484668609 -0.000244496697418
6.27 -0.14272951794 -0.000245204965805
6.28 -0.142975077337 -0.00024591684558
6.29 -0.14322135042 -0.000246632358005
6.3 -0.143468340834 -0.000247351524517
6.31 -0.143716052244 -0.000248074366736
6.32 -0.143964488335 -0.000248800906465
6.33 -0.144213652817 -0.000249531165689
6.34 -0.14446354942 -0.000250265166579
6.35 -0.144714181896 -0.000251002931494
6.36 -0.14496555402 -0.000251744482982
6.37 -0.145217669592 -0.000252489843781
6.38 -0.14547053243 -0.000253239036821
6.39 -0.14572414638 -0.000253992085227
6.4 -0.145978515308 -0.000254749012321
6.41 -0.146233643104 -0.00025550984162
6.42 -0.146489533683 -0.000256274596842
6.43 -0.146746190981 -0.000257043301909
6.44 -0.147003618962 -0.000257815980941
6.45 -0.14726182161 -0.000258592658268
6.46 -0.147520802937 -0.000259373358424
6.47 -0.147780566978 -0.000260158106154
6.48 -0.148041117792 -0.000260946926412
6.49 -0.148302459465 -0.000261739844368
6.5 -0.148564596106 -0.000262536885404
6.51 -0.148827531853 -0.00026333807512
6.52 -0.149091270865 -0.000264143439335
6.53 -0.149355817331 -0.00026495300409
6.54 -0.149621175464 -0.000265766795648
6.55 -0.149887349505 -0.000266584840499
6.56 -0.150154343719 -0.000267407165357
6.57 -0.1504221624 -0.000268233797171
6.58 -0.150690809868 -0.000269064763117
6.59 -0.150960290472 -0.000269900090607
6.6 -0.151230608586 -0.000270739807291
6.61 -0.151501768614 -0.000271583941054
6.62 -0.151773774987 -0.000272432520026
6.63 -0.152046632163 -0.000273285572577
6.64 -0.152320344631 -0.000274143127324
6.65 -0.152594916907 -0.000275005213133
6.66 -0.152870353537 -0.000275871859118
6.67 -0.153146659096 -0.000276743094648
6.68 -0.153423838187 -0.000277618949347
6.69 -0.153701895445 -0.000278499453097
6.7 -0.153980835533 -0.00027938463604
6.71 -0.154260663147 -0.000280274528581
6.72 -0.15454138301 -0.00028116916139
6.73 -0.154822999879 -0.000282068565408
6.74 -0.15510551854 -0.000282972771843
6.75 -0.155388943812 -0.000283881812179
6.76 -0.155673280543 -0.000284795718177
6.77 -0.155958533615 -0.000285714521875
6.78 -0.156244707943 -0.000286638255594
6.79 -0.156531808472 -0.000287566951942
6.8 -0.156819840182 -0.000288500643809
6.81 -0.157108808084 -0.00028943936438
6.82 -0.157398717223 -0.000290383147134
6.83 -0.157689572679 -0.000291332025843
6.84 -0.157981379565 -0.00029228603458
6.85 -0.158274143027 -0.000293245207722
6.86 -0.158567868247 -0.000294209579951
6.87 -0.158862560442 -0.000295179186254
6.88 -0.159158224863 -0.000296154061935
6.89 -0.159454866798 -0.00029713424261
6.9 -0.159752491568 -0.000298119764215
6.91 -0.160051104534 -0.000299110663006
6.92 -0.160350711089 -0.000300106975565
6.93 -0.160651316668 -0.000301108738802
6.94 -0.160952926738 -0.000302115989958
6.95 -0.161255546806 -0.000303128766611
6.96 -0.161559182416 -0.000304147106676
6.97 -0.161863839152 -0.000305171048409
6.98 -0.162169522633 -0.000306200630414
6.99 -0.16247623852 -0.000307235891644
7.0 -0.16278399251 -0.000308276871404
7.01 -0.163092790343 -0.000309323609357
7.02 -0.163402637796 -0.000310376145524
7.03 -0.163713540688 -0.000311434520294
7.04 -0.164025504877 -0.000312498774421
7.05 -0.164338536263 -0.000313568949032
7.06 -0.164652640788 -0.000314645085632
7.07 -0.164967824433 -0.000315727226102
7.08 -0.165284093224 -0.000316815412712
7.09 -0.165601453229 -0.000317909688115
7.1 -0.165919910557 -0.00031901009536
7.11 -0.166239471361 -0.000320116677891
7.12 -0.166560141839 -0.000321229479555
7.13 -0.166881928232 -0.0003223485446
7.14 -0.167204836826 -0.000323473917687
7.15 -0.16752887395 -0.000324605643891
7.16 -0.167854045981 -0.000325743768703
7.17 -0.168180359339 -0.00032688833804
7.18 -0.168507820493 -0.000328039398244
7.19 -0.168836435956 -0.00032919699609
7.2 -0.16916621229 -0.000330361178791
7.21 -0.169497156103 -0.000331531994001
7.22 -0.169829274051 -0.000332709489821
7.23 -0.17016257284 -0.000333893714804
7.24 -0.170497059221 -0.000335084717959
7.25 -0.17083274 -0.000336282548756
7.26 -0.171169622026 -0.000337487257132
7.27 -0.171507712204 -0.000338698893499
7.28 -0.171847017487 -0.000339917508741
7.29 -0.172187544878 -0.000341143154227
7.3 -0.172529301435 -0.000342375881815
7.31 -0.172872294264 -0.000343615743855
7.32 -0.173216530527 -0.000344862793196
7.33 -0.173562017437 -0.000346117083191
7.34 -0.173908762261 -0.000347378667705
7.35 -0.174256772322 -0.000348647601116
7.36 -0.174606054996 -0.000349923938327
7.37 -0.174956617713 -0.000351207734765
7.38 -0.17530846796 -0.000352499046394
7.39 -0.175661613281 -0.000353797929717
7.4 -0.176016061276 -0.00035510444178
7.41 -0.176371819603 -0.000356418640186
7.42 -0.176728895975 -0.000357740583091
7.43 -0.177087298168 -0.00035907032922
7.44 -0.177447034013 -0.000360407937868
7.45 -0.177808111403 -0.000361753468908
7.46 -0.17817053829 -0.000363106982796
7.47 -0.178534322687 -0.000364468540582
7.48 -0.178899472669 -0.000365838203912
7.49 -0.179265996372 -0.000367216035039
7.5 -0.179633901995 -0.000368602096825
7.51 -0.180003197801 -0.000369996452755
7.52 -0.180373892115 -0.000371399166939
7.53 -0.180745993327 -0.00037281030412
7.54 -0.181119509893 -0.000374229929684
7.55 -0.181494450335 -0.000375658109664
7.56 -0.181870823239 -0.000377094910751
7.57 -0.18224863726 -0.000378540400299
7.58 -0.182627901121 -0.000379994646336
7.59 -0.183008623611 -0.000381457717568
7.6 -0.183390813591 -0.000382929683389
7.61 -0.18377447999 -0.000384410613892
7.62 -0.184159631807 -0.000385900579872
7.63 -0.184546278114 -0.000387399652839
7.64 -0.184934428053 -0.000388907905023
7.65 -0.185324090839 -0.000390425409384
7.66 -0.185715275763 -0.000391952239623
7.67 -0.186107992185 -0.000393488470187
7.68 -0.186502249544 -0.000395034176283
7.69 -0.186898057354 -0.000396589433879
7.7 -0.187295425203 -0.000398154319723
7.71 -0.187694362758 -0.000399728911347
7.72 -0.188094879764 -0.000401313287076
7.73 -0.188496986044 -0.000402907526039
7.74 -0.188900691502 -0.000404511708182
7.75 -0.189306006119 -0.000406125914271
7.76 -0.189712939961 -0.000407750225909
7.77 -0.190121503175 -0.000409384725542
7.78 -0.190531705989 -0.000411029496471
7.79 -0.190943558716 -0.000412684622861
7.8 -0.191357071754 -0.000414350189757
7.81 -0.191772255586 -0.000416026283085
7.82 -0.192189120783 -0.000417712989676
7.83 -0.192607677999 -0.000419410397264
7.84 -0.19302793798 -0.000421118594506
7.85 -0.193449911561 -0.000422837670991
7.86 -0.193873609666 -0.000424567717252
7.87 -0.194299043308 -0.000426308824778
7.88 -0.194726223597 -0.000428061086024
7.89 -0.195155161731 -0.000429824594426
7.9 -0.195585869005 -0.000431599444413
7.91 -0.196018356808 -0.000433385731416
7.92 -0.196452636624 -0.000435183551888
7.93 -0.196888720034 -0.000436993003308
7.94 -0.19732661872 -0.000438814184202
7.95 -0.19776634446 -0.000440647194153
7.96 -0.198207909132 -0.000442492133813
7.97 -0.198651324717 -0.000444349104919
7.98 -0.199096603297 -0.000446218210306
7.99 -0.199543757058 -0.000448099553924
8.0 -0.19999279829 -0.000449993240848
8.01 -0.20044373939 -0.000451899377293
8.02 -0.200896592859 -0.000453818070634
8.03 -0.201351371309 -0.000455749429416
8.04 -0.201808087459 -0.00045769356337
8.05 -0.20226675414 -0.00045965058343
8.06 -0.202727384293 -0.000461620601747
8.07 -0.203189990973 -0.000463603731709
8.08 -0.203654587348 -0.000465600087952
8.09 -0.204121186701 -0.000467609786378
8.1 -0.204589802434 -0.000469632944175
8.11 -0.205060448064 -0.000471669679829
8.12 -0.205533137228 -0.000473720113148
8.13 -0.206007883683 -0.000475784365271
8.14 -0.206484701311 -0.000477862558692
8.15 -0.206963604112 -0.000479954817279
8.16 -0.207444606215 -0.000482061266284
8.17 -0.207927721872 -0.000484182032371
8.18 -0.208412965465 -0.000486317243635
8.19 -0.208900351501 -0.000488467029611
8.2 -0.209389894622 -0.000490631521302
8.21 -0.209881609598 -0.000492810851201
8.22 -0.210375511333 -0.000495005153304
8.23 -0.210871614868 -0.000497214563134
8.24 -0.211369935378 -0.000499439217763
8.25 -0.211870488176 -0.00050167925583
8.26 -0.212373288715 -0.000503934817567
8.27 -0.212878352589 -0.000506206044816
8.28 -0.213385695535 -0.000508493081056
8.29 -0.213895333433 -0.000510796071421
8.3 -0.21440728231 -0.000513115162725
8.31 -0.214921558341 -0.000515450503488
8.32 -0.21543817785 -0.000517802243954
8.33 -0.215957157312 -0.00052017053612
8.34 -0.216478513354 -0.000522555533757
8.35 -0.217002262759 -0.000524957392439
8.36 -0.217528422466 -0.000527376269562
8.37 -0.218057009572 -0.00052981232438
8.38 -0.218588041335 -0.00053226571802
8.39 -0.219121535174 -0.00053473661351
8.4 -0.219657508672 -0.000537225175817
8.41 -0.220195979581 -0.000539731571861
8.42 -0.220736965815 -0.000542255970551
8.43 -0.221280485464 -0.00054479854281
8.44 -0.221826556785 -0.000547359461604
8.45 -0.222375198213 -0.000549938901974
8.46 -0.222926428356 -0.000552537041063
8.47 -0.223480266002 -0.000555154058148
8.48 -0.224036730119 -0.00055779013467
8.49 -0.224595839857 -0.00056044545426
8.5 -0.225157614551 -0.000563120202786
8.51 -0.225722073723 -0.000565814568369
8.52 -0.226289237085 -0.000568528741424
8.53 -0.226859124539 -0.000571262914694
8.54 -0.227431756182 -0.00057401728328
8.55 -0.228007152307 -0.000576792044678
8.56 -0.228585333407 -0.00057958739882
8.57 -0.229166320173 -0.000582403548096
8.58 -0.229750133503 -0.000585240697404
8.59 -0.230336794499 -0.00058809905418
8.6 -0.230926324472 -0.00059097882844
8.61 -0.231518744945 -0.000593880232812
8.62 -0.232114077655 -0.000596803482587
8.63 -0.232712344555 -0.000599748795741
8.64 -0.233313567818 -0.000602716392995
8.65 -0.233917769839 -0.000605706497842
8.66 -0.234524973236 -0.000608719336595
8.67 -0.235135200857 -0.00061175513843
8.68 -0.235748475781 -0.000614814135426
8.69 -0.236364821318 -0.000617896562613
8.7 -0.236984261016 -0.000621002658014
8.71 -0.237606818664 -0.000624132662695
8.72 -0.23823251829 -0.000627286820805
8.73 -0.238861384171 -0.000630465379631
8.74 -0.239493440832 -0.000633668589641
8.75 -0.240128713048 -0.000636896704534
8.76 -0.240767225853 -0.000640149981296
8.77 -0.241409004537 -0.000643428680237
8.78 -0.242054074651 -0.000646733065061
8.79 -0.242702462015 -0.000650063402906
8.8 -0.243354192715 -0.0006534199644
8.81 -0.244009293111 -0.000656803023724
8.82 -0.244667789837 -0.000660212858654
8.83 -0.245329709809 -0.000663649750631
8.84 -0.245995080224 -0.000667113984809
8.85 -0.246663928568 -0.000670605850122
8.86 -0.247336282616 -0.000674125639338
8.87 -0.248012170439 -0.000677673649125
8.88 -0.248691620407 -0.000681250180109
8.89 -0.24937466119 -0.000684855536939
8.9 -0.250061321769 -0.000688490028357
8.91 -0.250751631431 -0.000692153967253
8.92 -0.251445619781 -0.000695847670744
8.93 -0.252143316743 -0.000699571460233
8.94 -0.252844752564 -0.000703325661482
8.95 -0.253549957818 -0.000707110604691
8.96 -0.254258963414 -0.000710926624554
8.97 -0.254971800595 -0.000714774060349
8.98 -0.255688500947 -0.000718653256003
8.99 -0.256409096404 -0.000722564560174
9.0 -0.257133619247 -0.000726508326324
9.01 -0.257862102116 -0.000730484912807
9.02 -0.25859457801 -0.00073449468294
9.03 -0.259331080297 -0.000738538005094
9.04 -0.260071642712 -0.000742615252775
9.05 -0.260816299367 -0.000746726804711
9.06 -0.261565084757 -0.000750873044939
9.07 -0.262318033764 -0.000755054362894
9.08 -0.263075181658 -0.000759271153503
9.09 -0.263836564112 -0.000763523817275
9.1 -0.264602217199 -0.000767812760395
9.11 -0.265372177402 -0.000772138394826
9.12 -0.266146481618 -0.000776501138407
9.13 -0.266925167167 -0.000780901414945
9.14 -0.267708271793 -0.000785339654329
9.15 -0.268495833675 -0.000789816292627
9.16 -0.269287891431 -0.000794331772201
9.17 -0.270084484123 -0.000798886541804
9.18 -0.270885651265 -0.000803481056702
9.19 -0.271691432833 -0.000808115778785
9.2 -0.272501869263 -0.000812791176678
9.21 -0.273317001468 -0.00081750772587
9.22 -0.274136870837 -0.00082226590882
9.23 -0.274961519244 -0.000827066215089
9.24 -0.275790989059 -0.000831909141472
9.25 -0.276625323151 -0.000836795192111
9.26 -0.277464564897 -0.000841724878637
9.27 -0.278308758189 -0.0008466987203
9.28 -0.279157947443 -0.000851717244106
9.29 -0.280012177604 -0.000856780984961
9.3 -0.280871494159 -0.000861890485801
9.31 -0.281735943138 -0.000867046297749
9.32 -0.28260557113 -0.000872248980265
9.33 -0.283480425285 -0.000877499101283
9.34 -0.284360553326 -0.000882797237383
9.35 -0.285246003558 -0.000888143973933
9.36 -0.286136824875 -0.000893539905265
9.37 -0.287033066768 -0.000898985634831
9.38 -0.28793477934 -0.000904481775377
9.39 -0.288842013307 -0.000910028949103
9.4 -0.289754820015 -0.000915627787858
9.41 -0.290673251446 -0.000921278933306
9.42 -0.291597360228 -0.000926983037112
9.43 -0.292527199646 -0.000932740761132
9.44 -0.293462823652 -0.000938552777602
9.45 -0.294404286875 -0.000944419769337
9.46 -0.295351644633 -0.000950342429932
9.47 -0.296304952942 -0.000956321463959
9.48 -0.29726426853 -0.000962357587186
9.49 -0.298229648843 -0.000968451526786
9.5 -0.299201152063 -0.000974604021556
9.51 -0.300178837116 -0.000980815822141
9.52 -0.301162763684 -0.000987087691266
9.53 -0.302152992216 -0.000993420403959
9.54 -0.303149583947 -0.000999814747806
9.55 -0.3041526009 -0.00100627152318
9.56 -0.305162105909 -0.00101279154351
9.57 -0.306178162628 -0.00101937563551
9.58 -0.307200835542 -0.00102602463948
9.59 -0.308230189984 -0.00103273940952
9.6 -0.309266292148 -0.00103952081385
9.61 -0.310309209104 -0.00104636973507
9.62 -0.311359008811 -0.00105328707047
9.63 -0.312415760134 -0.00106027373228
9.64 -0.313479532856 -0.00106733064801
9.65 -0.314550397696 -0.00107445876073
9.66 -0.315628426324 -0.00108165902941
9.67 -0.316713691377 -0.00108893242922
9.68 -0.317806266473 -0.00109627995189
9.69 -0.318906226234 -0.00110370260599
9.7 -0.320013646297 -0.00111120141736
9.71 -0.321128603334 -0.00111877742937
9.72 -0.322251175067 -0.00112643170337
9.73 -0.323381440291 -0.001134165319
9.74 -0.324519478889 -0.00114197937459
9.75 -0.325665371852 -0.00114987498756
9.76 -0.326819201297 -0.00115785329481
9.77 -0.327981050489 -0.00116591545313
9.78 -0.329151003859 -0.0011740626396
9.79 -0.330329147024 -0.00118229605207
9.8 -0.331515566812 -0.00119061690953
9.81 -0.332710351279 -0.00119902645264
9.82 -0.333913589732 -0.00120752594411
9.83 -0.335125372753 -0.00121611666925
9.84 -0.33634579222 -0.00122479993638
9.85 -0.337574941332 -0.00123357707741
9.86 -0.338812914629 -0.00124244944827
9.87 -0.340059808022 -0.00125141842949
9.88 -0.341315718814 -0.00126048542673
9.89 -0.342580745724 -0.00126965187128
9.9 -0.343854988918 -0.00127891922069
9.91 -0.345138550032 -0.00128828895932
9.92 -0.3464315322 -0.00129776259894
9.93 -0.34773404008 -0.0013073416793
9.94 -0.349046179886 -0.00131702776884
9.95 -0.350368059412 -0.00132682246524
9.96 -0.351699788068 -0.00133672739614
9.97 -0.353041476903 -0.00134674421979
9.98 -0.354393238643 -0.00135687462575
9.99 -0.355755187717 -0.0013671203356
10.0 -0.357127440291 -0.00137748310367
10.01 -0.358510114305 -0.0013879647178
10.02 -0.3599033295 -0.00139856700009
10.03 -0.361307207459 -0.00140929180773
10.04 -0.362721871639 -0.00142014103374
10.05 -0.364147447406 -0.00143111660791
10.06 -0.365584062078 -0.00144222049755
10.07 -0.367031844957 -0.00145345470845
10.08 -0.368490927369 -0.00146482128575
10.09 -0.369961442707 -0.00147632231487
10.1 -0.371443526467 -0.00148795992248
10.11 -0.372937316298 -0.00149973627746
10.12 -0.374442952031 -0.00151165359195
10.13 -0.375960575738 -0.00152371412233
10.14 -0.377490331765 -0.00153592017036
10.15 -0.379032366785 -0.0015482740842
10.16 -0.380586829841 -0.00156077825961
10.17 -0.382153872396 -0.00157343514104
10.18 -0.383733648383 -0.00158624722291
10.19 -0.385326314254 -0.00159921705074
10.2 -0.386932029031 -0.00161234722252
10.21 -0.388550954361 -0.00162564038989
10.22 -0.39018325457 -0.00163909925959
10.23 -0.391829096719 -0.00165272659479
10.24 -0.393488650658 -0.00166652521646
10.25 -0.395162089089 -0.00168049800494
10.26 -0.396849587625 -0.00169464790134
10.27 -0.398551324848 -0.00170897790913
10.28 -0.400267482376 -0.00172349109574
10.29 -0.401998244928 -0.00173819059419
10.3 -0.403743800386 -0.00175307960476
10.31 -0.40550433987 -0.00176816139679
10.32 -0.407280057798 -0.00178343931039
10.33 -0.409071151971 -0.00179891675838
10.34 -0.410877823632 -0.0018145972281
10.35 -0.412700277556 -0.00183048428347
10.36 -0.414538722114 -0.00184658156694
10.37 -0.416393369364 -0.00186289280162
10.38 -0.418264435122 -0.00187942179339
10.39 -0.420152139058 -0.00189617243318
10.4 -0.42205670477 -0.0019131486992
10.41 -0.423978359881 -0.00193035465934
10.42 -0.425917336127 -0.00194779447359
10.43 -0.427873869448 -0.00196547239653
10.44 -0.429848200088 -0.00198339278
10.45 -0.431840572692 -0.00200156007569
10.46 -0.433851236406 -0.00201997883796
10.47 -0.435880444981 -0.00203865372665
10.48 -0.437928456881 -0.00205758951007
10.49 -0.439995535396 -0.00207679106804
10.5 -0.442081948749 -0.00209626339499
10.51 -0.444187970212 -0.00211601160322
10.52 -0.446313878236 -0.00213604092632
10.53 -0.448459956561 -0.00215635672255
10.54 -0.450626494347 -0.00217696447846
10.55 -0.452813786309 -0.00219786981259
10.56 -0.455022132846 -0.00221907847932
10.57 -0.457251840177 -0.00224059637279
10.58 -0.459503220486 -0.00226242953101
10.59 -0.461776592071 -0.00228458414012
10.6 -0.464072279486 -0.00230706653873
10.61 -0.466390613702 -0.00232988322247
10.62 -0.468731932265 -0.0023530408487
10.63 -0.471096579458 -0.00237654624133
10.64 -0.473484906475 -0.00240040639589
10.65 -0.475897271586 -0.00242462848467
10.66 -0.478334040326 -0.00244921986216
10.67 -0.480795585678 -0.00247418807066
10.68 -0.483282288256 -0.00249954084596
10.69 -0.485794536513 -0.00252528612343
10.7 -0.488332726932 -0.00255143204416
10.71 -0.490897264245 -0.00257798696148
10.72 -0.493488561641 -0.0026049594475
10.73 -0.496107040992 -0.00263235830016
10.74 -0.498753133082 -0.00266019255032
10.75 -0.501427277842 -0.00268847146925
10.76 -0.504129924595 -0.00271720457629
10.77 -0.506861532311 -0.00274640164695
10.78 -0.509622569858 -0.0027760727211
10.79 -0.512413516282 -0.00280622811173
10.8 -0.515234861079 -0.00283687841382
10.81 -0.518087104477 -0.00286803451367
10.82 -0.520970757743 -0.00289970759861
10.83 -0.523886343477 -0.00293190916695
10.84 -0.526834395939 -0.00296465103851
10.85 -0.529815461365 -0.00299794536539
10.86 -0.532830098313 -0.0030318046433
10.87 -0.53587887801 -0.00306624172325
10.88 -0.538962384711 -0.00310126982378
10.89 -0.542081216075 -0.00313690254357
10.9 -0.54523598355 -0.00317315387471
10.91 -0.548427312773 -0.0032100382164
10.92 -0.551655843989 -0.0032475703893
10.93 -0.554922232472 -0.00328576565033
10.94 -0.558227148973 -0.00332463970823
10.95 -0.561571280177 -0.00336420873969
10.96 -0.564955329184 -0.00340448940622
10.97 -0.568380015998 -0.00344549887163
10.98 -0.57184607804 -0.00348725482035
10.99 -0.575354270674 -0.00352977547649
11.0 -0.578905367765 -0.0035730796237
11.01 -0.582500162236 -0.00361718662595
11.02 -0.586139466674 -0.0036621164492
11.03 -0.589824113926 -0.00370788968385
11.04 -0.593554957749 -0.00375452756853
11.05 -0.597332873465 -0.00380205201462
11.06 -0.60115875864 -0.00385048563197
11.07 -0.60503353381 -0.00389985175592
11.08 -0.6089581432 -0.00395017447518
11.09 -0.612933555514 -0.0040014786615
11.1 -0.616960764713 -0.00405379000015
11.11 -0.621040790855 -0.00410713502223
11.12 -0.625174680958 -0.00416154113825
11.13 -0.629363509886 -0.00421703667333
11.14 -0.633608381295 -0.00427365090412
11.15 -0.637910428592 -0.00433141409734
11.16 -0.642270815952 -0.00439035755035
11.17 -0.64669073936 -0.00445051363335
11.18 -0.651171427715 -0.00451191583405
11.19 -0.65571414397 -0.00457459880419
11.2 -0.660320186306 -0.00463859840831
11.21 -0.664990889384 -0.00470395177521
11.22 -0.669727625633 -0.00477069735183
11.23 -0.674531806586 -0.00483887495964
11.24 -0.67940488429 -0.00490852585411
11.25 -0.684348352775 -0.00497969278722
11.26 -0.689363749568 -0.00505242007291
11.27 -0.694452657299 -0.00512675365617
11.28 -0.699616705366 -0.00520274118563
11.29 -0.70485757167 -0.00528043208984
11.3 -0.710176984443 -0.0053598776578
11.31 -0.715576724128 -0.00544113112332
11.32 -0.721058625395 -0.00552424775461
11.33 -0.726624579204 -0.00560928494808
11.34 -0.732276534973 -0.00569630232723
11.35 -0.738016502874 -0.00578536184756
11.36 -0.743846556202 -0.00587652790658
11.37 -0.749768833888 -0.00596986746046
11.38 -0.755785543099 -0.00606545014681
11.39 -0.761898961996 -0.00616334841467
11.4 -0.768111442593 -0.00626363766163
11.41 -0.774425413801 -0.00636639637942
11.42 -0.780843384569 -0.00647170630712
11.43 -0.787367947231 -0.00657965259401
11.44 -0.794001780975 -0.00669032397146
11.45 -0.800747655539 -0.00680381293566
11.46 -0.807608435038 -0.00692021594046
11.47 -0.814587082046 -0.00703963360279
11.48 -0.821686661846 -0.00716217091987
11.49 -0.828910346925 -0.00728793750011
11.5 -0.836261421699 -0.00741704780828
11.51 -0.843743287505 -0.00754962142613
11.52 -0.851359467828 -0.00768578332907
11.53 -0.85911361385 -0.00782566418094
11.54 -0.867009510279 -0.00796940064749
11.55 -0.875051081526 -0.00811713573056
11.56 -0.883242398185 -0.00826901912336
11.57 -0.891587683919 -0.00842520759001
11.58 -0.900091322714 -0.00858586537014
11.59 -0.908757866575 -0.00875116461089
11.6 -0.917592043626 -0.00892128582783
11.61 -0.926598766736 -0.0090964183983
11.62 -0.93578314261 -0.00927676108829
11.63 -0.945150481462 -0.00946252261692
11.64 -0.954706307229 -0.00965392225999
11.65 -0.964456368462 -0.00985119049788
11.66 -0.974406649829 -0.0100545697091
11.67 -0.984563384387 -0.0102643149154
11.68 -0.994933066585 -0.0104806945814
11.69 -1.00552246612 -0.0107039914736
11.7 -1.01633864266 -0.0109345035848
11.71 -1.02738896155 -0.0111725451288
11.72 -1.03868111055 -0.0114184476112
11.73 -1.05022311763 -0.0116725609842
11.74 -1.06202337001 -0.0119352548919
11.75 -1.0740906345 -0.0122069200155
11.76 -1.08643407923 -0.0124879695259
11.77 -1.09906329682 -0.0127788406558
11.78 -1.11198832927 -0.0130799964005
11.79 -1.1252196946 -0.0133919273616
11.8 -1.13876841533 -0.0137151537453
11.81 -1.15264604916 -0.0140502275326
11.82 -1.16686472181 -0.0143977348372
11.83 -1.18143716234 -0.0147582984693
11.84 -1.19637674114 -0.015132580728
11.85 -1.21169751089 -0.0155212864437
11.86 -1.22741425049 -0.0159251662977
11.87 -1.24354251278 -0.0163450204499
11.88 -1.26009867568 -0.0167817025025
11.89 -1.27709999774 -0.0172361238419
11.9 -1.29456467809 -0.0177092583963
11.91 -1.31251192139 -0.0182021478578
11.92 -1.33096200824 -0.0187159074189
11.93 -1.34993637155 -0.0192517320841
11.94 -1.36945767962 -0.0198109036243
11.95 -1.38954992635 -0.0203947982464
11.96 -1.41023852958 -0.0210048950668
11.97 -1.43155043833 -0.0216427854858
11.98 -1.45351424976 -0.0223101835714
11.99 -1.47616033715 -0.0230089375835
12.0 -1.49952098995 -0.0237410427807
12.01 -1.52363056714 -0.0245086556719
12.02 -1.54852566586 -0.0253141099132
12.03 -1.57424530647 -0.0261599340564
12.04 -1.60083113657 -0.0270488714144
12.05 -1.62832765569 -0.0279839023213
12.06 -1.65678246368 -0.0289682691377
12.07 -1.68624653539 -0.0300055043862
12.08 -1.7167745251 -0.031099462475
12.09 -1.74842510445 -0.0322543555422
12.1 -1.78126133835 -0.0334747940424
12.11 -1.81535110393 -0.0347658328168
12.12 -1.85076755821 -0.0361330234878
12.13 -1.88758966148 -0.0375824742149
12.14 -1.92590276419 -0.0391209180014
12.15 -1.96579926634 -0.0407557909857
12.16 -2.00737936041 -0.042495322417
12.17 -2.05075187008 -0.0443486383591
12.18 -2.09603519968 -0.0463258815571
12.19 -2.14335841168 -0.0484383504204
12.2 -2.1928624528 -0.050698660678
12.21 -2.24470155356 -0.0531209340539
12.22 -2.29904482972 -0.0557210192053
12.23 -2.35607812164 -0.0585167514472
12.24 -2.41600611248 -0.0615282591736
12.25 -2.47905477709 -0.0647783268907
12.26 -2.54547422197 -0.0682928270626
12.27 -2.61554199262 -0.0721012361542
12.28 -2.6895669394 -0.0762372541305
12.29 -2.76789375515 -0.0807395517816
12.3 -2.85090832534 -0.0856526769859
12.31 -2.93904406445 -0.091028159656
12.32 -3.0327894587 -0.0969258668296
12.33 -3.13269708974 -0.103415674649
12.34 -3.23939449085 -0.110579544879
12.35 -3.35359728459 -0.118514121783
12.36 -3.47612517925 -0.127334003714
12.37 -3.60792157783 -0.137175897498
12.38 -3.75007778571 -0.148203938472
12.39 -3.9038631252 -0.160616565384
12.4 -4.07076270396 -0.174655491497
12.41 -4.25252520665 -0.190617535323
12.42 -4.45122394307 -0.208870400909
12.43 -4.66933564437 -0.229873988767
12.44 -4.90984331125 -0.254209566432
12.45 -5.1763721119 -0.282620291368
12.46 -5.47337136981 -0.316068424448
12.47 -5.80636189039 -0.355817567977
12.48 -6.18227759651 -0.403553245985
12.49 -6.60994601877 -0.461563666734
12.5 -7.10077779941 -0.533017537843
12.51 -7.66977866937 -0.622403241427
12.52 -8.33707287625 -0.736245754281
12.53 -9.13026341296 -0.884321046264
12.54 -10.088210264 -1.08180355356
12.55 -11.2673087005 -1.35326085708
12.56 -12.7523755463 -1.74054753794
12.57 -14.6764511283 -2.31959161605
12.58 -17.2587127985 -3.23948086995
12.59 -20.8803958312 -4.8245063903
12.6 -26.2355509226 -7.88262014212
12.61 -34.5216119482 -14.8257299028
12.62 -45.74878317 -34.4329946719
12.63 -28.2476064793 -85.938663706
12.64 44.069414611 -65.6461187746
12.65 41.9604729773 -25.1048934657
12.66 31.2701128541 -11.7047728195
12.67 24.1502300915 -6.57720512879
12.68 19.4957639509 -4.17278782513
12.69 16.2882179665 -2.87143250458
12.7 13.9639453835 -2.09261451514
12.71 12.2094892986 -1.59112405706
12.72 10.8412172666 -1.24983689771
12.73 9.74568725889 -1.00732859676
12.74 8.8494707131 -0.828948604124
12.75 8.10311117602 -0.693975822548
12.76 7.47215470124 -0.589414264388
12.77 6.93189773205 -0.506783570036
12.78 6.46418392456 -0.440361741742
12.79 6.05537962426 -0.386175886404
12.8 5.69505365171 -0.341398437959
12.81 5.37509234827 -0.30397301371
12.82 5.08909177015 -0.272375345282
12.83 4.83193109323 -0.245456340633
12.84 4.59946735556 -0.222336568598
12.85 4.38831318806 -0.202333786201
12.86 4.19567241219 -0.184912198539
12.87 4.01921669102 -0.169646314111
12.88 3.85699177495 -0.156194790074
12.89 3.70734538792 -0.144281233432
12.9 3.56887115278 -0.133679922618
12.91 3.44036454755 -0.124205059848
12.92 3.32078798894 -0.11570259096
12.93 3.20924291293 -0.108043915241
12.94 3.10494727131 -0.101121002325
12.95 3.00721725787 -0.0948425677412
12.96 2.91545236584 -0.089131052757
12.97 2.82912308976 -0.0839202209425
12.98 2.74776074192 -0.0791532316477
12.99 2.6709489711 -0.0747810852409
13.0 2.59831666107 -0.0707613603605
13.01 2.52953195428 -0.0670571821601
13.02 2.46429719756 -0.0636363744688
13.03 2.40234464892 -0.0604707593697
13.04 2.34343281479 -0.0575355756151
13.05 2.28734331189 -0.0548089933561
13.06 2.23387816916 -0.0522717074351
13.07 2.18285749838 -0.0499065949863
13.08 2.13411747664 -0.0476984260096
13.09 2.08750859296 -0.0456336177547
13.1 2.04289411961 -0.0437000254923
13.11 2.00014877491 -0.041886763637
13.12 1.95915755066 -0.040184052303
13.13 1.91981468054 -0.0385830852339
13.14 1.88202273056 -0.0370759157808
13.15 1.84569179457 -0.0356553581514
13.16 1.81073878132 -0.0343149016478
13.17 1.77708678098 -0.0330486359709
13.18 1.74466450103 -0.0318511859948
13.19 1.71340576274 -0.0307176546543
13.2 1.68324905087 -0.0296435728212
13.21 1.65413711016 -0.0286248552069
13.22 1.62601658292 -0.0276577614743
13.23 1.59883768303 -0.0267388618697
13.24 1.57255390213 -0.0258650067849
13.25 1.54712174426 -0.0250332997412
13.26 1.52250048595 -0.0242410733666
13.27 1.49865195881 -0.0234858679902
13.28 1.47554035232 -0.0227654125338
13.29 1.45313203454 -0.0220776074236
13.3 1.43139538896 -0.0214205092808
13.31 1.41030066578 -0.0207923171833
13.32 1.38981984622 -0.0201913603174
13.33 1.36992651839 -0.0196160868587
13.34 1.35059576379 -0.0190650539482
13.35 1.33180405322 -0.0185369186369
13.36 1.31352915133 -0.0180304297
13.37 1.29575002892 -0.0175444202196
13.38 1.27844678221 -0.0170778008595
13.39 1.26160055861 -0.0166295537575
13.4 1.24519348823 -0.0161987269707
13.41 1.22920862066 -0.0157844294193
13.42 1.21362986664 -0.0153858262755
13.43 1.19844194401 -0.015002134756
13.44 1.18363032777 -0.014632620276
13.45 1.16918120378 -0.0142765929332
13.46 1.15508142574 -0.0139334042835
13.47 1.14131847543 -0.0136024443888
13.48 1.12788042554 -0.0132831391046
13.49 1.11475590525 -0.0129749475891
13.5 1.10193406822 -0.0126773600118
13.51 1.08940456257 -0.0123898954439
13.52 1.07715750314 -0.0121120999143
13.53 1.06518344543 -0.0118435446169
13.54 1.05347336132 -0.011583824255
13.55 1.04201861641 -0.0113325555111
13.56 1.03081094873 -0.0110893756319
13.57 1.01984244894 -0.0108539411195
13.58 1.00910554167 -0.0106259265166
13.59 0.998592968125 -0.0104050232822
13.6 0.988297769666 -0.0101909387469
13.61 0.978213272496 -0.00998339514373
13.62 0.968333073226 -0.00978212870621
13.63 0.958651025313 -0.00958688883044
13.64 0.949161226308 -0.00939743729438
13.65 0.939858005865 -0.00921354753117
13.66 0.930735914456 -0.00903500395161
13.67 0.921789712695 -0.00886160131157
13.68 0.913014361341 -0.00869314412252
13.69 0.904405011802 -0.00852944609993
13.7 0.895956997243 -0.00837032964862
13.71 0.887665824095 -0.00821562538014
13.72 0.879527164145 -0.00806517166274
13.73 0.871536846958 -0.00791881419829
13.74 0.863690852777 -0.00777640562711
13.75 0.855985305766 -0.0076378051565
13.76 0.848416467629 -0.0075028782129
13.77 0.840980731575 -0.0073714961152
13.78 0.833674616571 -0.00724353576763
13.79 0.826494761913 -0.00711887937142
13.8 0.819437922082 -0.00699741415381
13.81 0.812500961837 -0.00687903211258
13.82 0.805680851569 -0.00676362977601
13.83 0.798974662916 -0.00665110797709
13.84 0.792379564537 -0.00654137163988
13.85 0.78589281814 -0.00643432957886
13.86 0.779511774699 -0.00632989430959
13.87 0.773233870839 -0.00622798186978
13.88 0.767056625389 -0.00612851165027
13.89 0.760977636143 -0.00603140623611
13.9 0.754994576716 -0.0059365912554
13.91 0.749105193594 -0.00584399523721
13.92 0.743307303287 -0.0057535494765
13.93 0.73759878965 -0.00566518790708
13.94 0.731977601289 -0.00557884698059
13.95 0.72644174911 -0.00549446555228
13.96 0.720989303979 -0.00541198477294
13.97 0.715618394461 -0.00533134798595
13.98 0.710327204705 -0.00525250063026
13.99 0.70511397237 -0.00517539014787
14.0 0.699976986692 -0.00509996589642
14.01 0.69491458658 -0.00502617906562
14.02 0.689925158864 -0.00495398259884
14.03 0.685007136556 -0.0048833311177
14.04 0.680158997206 -0.00481418085075
14.05 0.675379261346 -0.00474648956579
14.06 0.670666490975 -0.00468021650531
14.07 0.666019288113 -0.0046153223251
14.08 0.661436293432 -0.00455176903598
14.09 0.656916184913 -0.00448951994798
14.1 0.652457676589 -0.00442853961759
14.11 0.648059517309 -0.00436879379708
14.12 0.643720489585 -0.00431024938661
14.13 0.639439408457 -0.00425287438828
14.14 0.635215120413 -0.00419663786237
14.15 0.631046502356 -0.00414150988563
14.16 0.626932460614 -0.00408746151161
14.17 0.622871929966 -0.00403446473238
14.18 0.618863872742 -0.00398249244252
14.19 0.614907277924 -0.00393151840427
14.2 0.611001160307 -0.00388151721452
14.21 0.607144559664 -0.00383246427301
14.22 0.603336539983 -0.00378433575227
14.23 0.599576188683 -0.00373710856848
14.24 0.595862615911 -0.00369076035399
14.25 0.592194953814 -0.00364526943058
14.26 0.588572355881 -0.00360061478434
14.27 0.584993996282 -0.00355677604123
14.28 0.581459069245 -0.00351373344395
14.29 0.577966788452 -0.00347146782966
14.3 0.574516386446 -0.00342996060854
14.31 0.57110711408 -0.0033891937435
14.32 0.567738239967 -0.00334914973043
14.33 0.564409049962 -0.00330981157956
14.34 0.56111884665 -0.00327116279728
14.35 0.55786694887 -0.003233187369
14.36 0.55465269123 -0.00319586974244
14.37 0.551475423664 -0.00315919481174
14.38 0.548334510993 -0.00312314790222
14.39 0.545229332493 -0.0030877147556
14.4 0.542159281494 -0.003052881516
14.41 0.539123764982 -0.00301863471632
14.42 0.536122203217 -0.00298496126526
14.43 0.533154029363 -0.00295184843478
14.44 0.530218689134 -0.00291928384812
14.45 0.527315640439 -0.00288725546809
14.46 0.524444353065 -0.00285575158621
14.47 0.521604308337 -0.00282476081171
14.48 0.518794998816 -0.00279427206145
14.49 0.516015927993 -0.00276427454988
14.5 0.513266609995 -0.00273475777958
14.51 0.510546569304 -0.00270571153203
14.52 0.507855340484 -0.00267712585878
14.53 0.50519246791 -0.00264899107292
14.54 0.502557505516 -0.00262129774089
14.55 0.499950016544 -0.00259403667456
14.56 0.497369573299 -0.0025671989236
14.57 0.49481575692 -0.00254077576811
14.58 0.492288157152 -0.00251475871163
14.59 0.489786372126 -0.00248913947421
14.6 0.487310008145 -0.00246390998584
14.61 0.484858679471 -0.00243906238011
14.62 0.482432008142 -0.0024145889881
14.63 0.48002962376 -0.00239048233243
14.64 0.477651163312 -0.00236673512154
14.65 0.475296270981 -0.00234334024421
14.66 0.472964597975 -0.00232029076419
14.67 0.470655802349 -0.0022975799151
14.68 0.46836954884 -0.00227520109544
14.69 0.466105508705 -0.0022531478638
14.7 0.463863359563 -0.0022314139342
14.71 0.461642785242 -0.00220999317169
14.72 0.459443475628 -0.0021888795879
14.73 0.457265126525 -0.00216806733693
14.74 0.455107439511 -0.00214755071132
14.75 0.452970121801 -0.00212732413806
14.76 0.450852886118 -0.00210738217487
14.77 0.448755450563 -0.00208771950654
14.78 0.446677538487 -0.00206833094131
14.79 0.44461887837 -0.00204921140753
14.8 0.442579203709 -0.00203035595032
14.81 0.440558252894 -0.00201175972833
14.82 0.4385557691 -0.00199341801067
14.83 0.436571500179 -0.00197532617385
14.84 0.434605198551 -0.0019574796989
14.85 0.432656621106 -0.00193987416859
14.86 0.430725529099 -0.0019225052646
14.87 0.428811688055 -0.00190536876495
14.88 0.426914867672 -0.0018884605414
14.89 0.42503484173 -0.00187177655696
14.9 0.423171387998 -0.00185531286348
14.91 0.421324288154 -0.00183906559935
14.92 0.419493327693 -0.00182303098721
14.93 0.417678295841 -0.0018072053317
14.94 0.415878985485 -0.00179158501745
14.95 0.414095193082 -0.00177616650689
14.96 0.412326718593 -0.00176094633835
14.97 0.410573365398 -0.00174592112403
14.98 0.408834940233 -0.0017310875482
14.99 0.407111253108 -0.00171644236527
