-0.0839143444028 -0.00363254763331 0.00705481259887
0.00108881839831 -0.00602201001812 3.74501301629e-05
-0.000290461465468 0.00307903965791 9.5648530779e-06
0.000131875036101 -0.00206071289009 4.26392864054e-06
-7.52256310587e-05 0.00154755552738 2.40058700591e-06
4.87150199823e-05 -0.001238803297 1.53700676184e-06
-3.41991632249e-05 0.00103269715349 1.06763299359e-06
2.53860706648e-05 -0.000885380798034 7.8454361011e-07
-1.96327929198e-05 0.00077485374288 6.00783769414e-07
1.56653159102e-05 -0.000688862839265 4.74777413443e-07
-1.28109192365e-05 0.000620067773603 3.84648163513e-07
1.06895902911e-05 -0.000563776168536 3.1795783555e-07
-9.06616715433e-06 0.000516861951297 2.67228472085e-07
7.79652129412e-06 -0.000477173613165 2.27755442845e-07
-6.78532422733e-06 0.000443151100775 1.96428938743e-07
5.9634048501e-06 -0.000413667416135 1.71156293369e-07
-5.28884410565e-06 0.000387877194649 1.50476690001e-07
4.72719496953e-06 -0.000365115759506 1.33331864212e-07
-4.25252333797e-06 0.000344890943507 1.18967846868e-07
3.8510526682e-06 -0.000326798903688 1.06812354058e-07
-3.50542802234e-06 0.000310511602939 9.64297435855e-08
3.2059702895e-06 -0.000295786054617 8.74996683512e-08
-2.9472613353e-06 0.000282397657396 7.97571232519e-08
2.71828597395e-06 -0.000270172716184 7.3000685649e-08
-2.51726067201e-06 0.00025897696334 6.70754041421e-08
2.34014432607e-06 -0.000248671031794 6.18427583289e-08
-2.17995286263e-06 0.000239162433065 5.7203421584e-08
2.03869890576e-06 -0.000230365120313 5.30722449502e-08
-1.91129750194e-06 0.000222188967845 4.93715904903e-08
1.7947251353e-06 -0.000214586089845 4.60504109933e-08
-1.69176630966e-06 0.000207491237118 4.30554755542e-08
1.59626516931e-06 -0.000200849195819 4.03429475235e-08
-1.50910608292e-06 0.000194633934177 3.78846457345e-08
1.43149328423e-06 -0.000188790557484 3.56439237683e-08
-1.35754757313e-06 0.000183291274126 3.35975341062e-08
1.2911586709e-06 -0.000178116342728 3.17270986375e-08
-1.23061912497e-06 0.000173220312529 3.00067910962e-08
1.17212707538e-06 -0.000168595610092 2.84258536242e-08
-1.12075065322e-06 0.000164219322333 2.69692419094e-08
1.07189900265e-06 -0.000160058909703 2.56200035428e-08
-1.02519380731e-06 0.000156117995425 2.4373879518e-08
9.84623202211e-07 -0.000152367397372 2.32167932648e-08
-9.44067842897e-07 0.000148790997246 2.21396521257e-08
9.06778648895e-07 -0.000145393578334 2.11401148683e-08
-8.73766758183e-07 0.000142142513273 2.02052575479e-08
8.39559921577e-07 -0.000139038409256 1.93323841092e-08
-8.09872462902e-07 0.00013607859992 1.85180412495e-08
7.81954312498e-07 -0.000133233822578 1.77518629312e-08
-7.53128834381e-07 0.000130517045125 1.70352662713e-08
7.29364842361e-07 -0.000127913651253 1.63624341499e-08
-7.04862891032e-07 0.000125405340775 1.57269963267e-08
6.80972762918e-07 -0.000123009126571 1.51317089436e-08
-6.61455062491e-07 0.000120699639363 1.45688404652e-08
6.39489701805e-07 -0.000118474435122 1.40366007245e-08
-6.20181186764e-07 0.00011634491739 1.35365244272e-08
6.03328937337e-07 -0.000114281477416 1.30606200862e-08
-5.83717861587e-07 0.000112297199735 1.26110017948e-08
5.68411593626e-07 -0.000110390397413 1.21863629328e-08
-5.52965177886e-07 0.000108536615717 1.17805027218e-08
5.3597401092e-07 -0.000106758407919 1.13976449296e-08
-5.23736401841e-07 0.000105038701534 1.10334031198e-08
5.0898095758e-07 -0.000103366746212 1.06849432841e-08
-4.94969719746e-07 0.000101764600296 1.03562788684e-08
4.84603241005e-07 -0.000100203921037 1.00410606315e-08
-4.70467526338e-07 9.86917300857e-05 9.74027892701e-09
4.59538438227e-07 -9.72393226924e-05 9.45569705326e-09
-4.4984735521e-07 9.58163857658e-05 9.18098214387e-09
4.36805820983e-07 -9.44452015004e-05 8.92008688577e-09
-4.28575563761e-07 9.31197781105e-05 8.67147675237e-09
4.18697379627e-07 -9.1818921284e-05 8.43088961325e-09
-4.07483821913e-07 9.05714935982e-05 8.20336149568e-09
4.01069322535e-07 -8.93543276054e-05 7.98435671841e-09
-3.9073182862e-07 8.81638448349e-05 7.77301620744e-09
3.81954297143e-07 -8.70235910985e-05 7.57325129677e-09
-3.76186225006e-07 8.59004341647e-05 7.37902610575e-09
3.65771942457e-07 -8.48106317946e-05 7.19297705452e-09
-3.59568909097e-07 8.37618057644e-05 7.01616939471e-09
3.53358936778e-07 -8.27228141967e-05 6.84318885116e-09
-3.43729055576e-07 8.17242490924e-05 6.67897103939e-09
3.39603832252e-07 -8.07528584562e-05 6.52113947961e-09
-3.32325311788e-07 7.97917301183e-05 6.36683063538e-09
3.24449971023e-07 -7.88741263567e-05 6.22123307631e-09
-3.21361184817e-07 7.79690799148e-05 6.07928069577e-09
3.13087070907e-07 -7.70814917256e-05 5.94165439015e-09
-3.07612054097e-07 7.62336527357e-05 5.8116644346e-09
3.04302035086e-07 -7.53875302689e-05 5.68337231978e-09
-2.95789457783e-07 7.45692996032e-05 5.56066793471e-09
2.92706661015e-07 -7.3779996274e-05 5.44357352738e-09
-2.88152730428e-07 7.29889716438e-05 5.32747301361e-09
2.80557364014e-07 -7.22345440451e-05 5.21790806583e-09
-2.79119006905e-07 7.1493992995e-05 5.11146894179e-09
2.72933941928e-07 -7.07567707034e-05 5.00659509331e-09
-2.67345521242e-07 7.0058579203e-05 4.90827599358e-09
2.66275706452e-07 -6.93598772328e-05 4.8108634725e-09
-2.58890085242e-07 6.86759098703e-05 4.71644762059e-09
2.55860617421e-07 -6.80248633861e-05 4.62744750335e-09
-2.53802540573e-07 6.73647260357e-05 4.5380707296e-09
2.46336071575e-07 -6.67323085422e-05 4.45326168484e-09
-2.45589845049e-07 6.6119246748e-05 4.3718151049e-09
2.41626835428e-07 -6.54976387138e-05 4.28999906062e-09
-2.35473859703e-07 6.49125871885e-05 4.21369942344e-09
2.35930923154e-07 -6.43301465205e-05 4.13842341475e-09
-2.29976312858e-07 6.37488151558e-05 4.06396432287e-09
2.26248390063e-07 -6.32042706843e-05 3.99483102107e-09
-2.2637773545e-07 6.26484023966e-05 3.92487356972e-09
2.19264483533e-07 -6.21087777329e-05 3.85754834839e-09
-2.18302827201e-07 6.15962741497e-05 3.79414864525e-09
2.1668978131e-07 -6.10667392152e-05 3.72919359284e-09
-2.09897998011e-07 6.05679652462e-05 3.66852247123e-09
2.11058260368e-07 -6.00794068608e-05 3.60957967434e-09
-2.06974443933e-07 5.95789347197e-05 3.54969230075e-09
2.02076122641e-07 -5.91168131483e-05 3.49483843157e-09
-2.038951113e-07 5.86466159304e-05 3.43946713331e-09
1.97640538723e-07 -5.81789320604e-05 3.38482719747e-09
-1.95661810246e-07 5.77462610313e-05 3.33466894664e-09
1.96370681478e-07 -5.72927857628e-05 3.28250186191e-09
-1.89230289879e-07 5.68601909785e-05 3.23311712622e-09
1.90181763642e-07 -5.64484617973e-05 3.18646500838e-09
-1.88387308322e-07 5.60140834553e-05 3.13761303512e-09
1.82186725078e-07 -5.56155095566e-05 3.09311809524e-09
-1.8496576561e-07 5.52173753755e-05 3.0489927557e-09
1.80238442277e-07 -5.48070312689e-05 3.00384316241e-09
-1.76644503494e-07 5.44373857491e-05 2.96346017048e-09
1.79380248924e-07 -5.40489570323e-05 2.92132193356e-09
-1.72503238294e-07 5.36676197261e-05 2.88024316443e-09
1.72330248364e-07 -5.33187821572e-05 2.84292222844e-09
-1.73069291534e-07 5.29407956038e-05 2.80275779214e-09
1.65819034425e-07 -5.25907907027e-05 2.76581876269e-09
-1.6862158743e-07 5.22539883732e-05 2.73050773414e-09
1.66105922408e-07 -5.1891271966e-05 2.69273169742e-09
-1.60612991661e-07 5.15705030404e-05 2.65954258037e-09
1.6475420287e-07 -5.12392143163e-05 2.6254842277e-09
-1.58984686086e-07 5.08985120275e-05 2.59068380274e-09
1.56897611604e-07 -5.06003798347e-05 2.56042305628e-09
-1.60105538578e-07 5.02726292309e-05 2.52736288357e-09
1.52444720832e-07 -4.99595183546e-05 2.49597671362e-09
-1.54217995416e-07 4.96747047637e-05 2.46760007655e-09
1.54446795524e-07 -4.93537638375e-05 2.43581785874e-09
-1.47180225175e-07 4.90698279963e-05 2.40786968161e-09
1.51784897323e-07 -4.87893767505e-05 2.38042632236e-09
-1.48058470136e-07 4.84824460463e-05 2.35056949595e-09
1.43545563056e-07 -4.82238635633e-05 2.3255616223e-09
-1.48755488874e-07 4.79424181186e-05 2.29849758326e-09
1.41650912596e-07 -4.76576458882e-05 2.27127127659e-09
-1.4137361854e-07 4.74158808453e-05 2.24828574284e-09
1.44560815259e-07 -4.71337792395e-05 2.22161404323e-09
-1.36105212158e-07 4.68766759973e-05 2.19744127718e-09
1.39990395673e-07 -4.66411687022e-05 2.17541821522e-09
-1.3915144158e-07 4.63644466828e-05 2.14968127932e-09
1.32123651769e-07 -4.61350901131e-05 2.1284639964e-09
-1.38436681092e-07 4.58970270557e-05 2.10655625726e-09
1.3305484571e-07 -4.56351454172e-05 2.08258420084e-09
-1.29923203784e-07 4.54273707074e-05 2.06366288943e-09
1.35824826715e-07 -4.51830991254e-05 2.04153089496e-09
-1.27205093733e-07 4.49451158632e-05 2.02007962109e-09
1.29099607154e-07 -4.47481869144e-05 2.00241689883e-09
-1.316979343e-07 4.45008597596e-05 1.98034386369e-09
1.22593989436e-07 -4.4291458754e-05 1.96174834784e-09
-1.28731607129e-07 4.4093755628e-05 1.94427585721e-09
1.26246328923e-07 -4.38523867345e-05 1.92304776045e-09
-1.19869314325e-07 4.36693546287e-05 1.90702690234e-09
1.27703848117e-07 -4.34627575664e-05 1.88902760355e-09
-1.20281409052e-07 4.32388435151e-05 1.86961205614e-09
1.19037998013e-07 -4.30731385012e-05 1.85530943039e-09
-1.251366778e-07 4.28563934533e-05 1.83668611901e-09
1.14956416255e-07 -4.26592563427e-05 1.81982536669e-09
-1.19403294657e-07 4.2497863562e-05 1.80608266449e-09
1.20758232132e-07 -4.22774778811e-05 1.78739971854e-09
-1.11325101185e-07 4.21101005864e-05 1.77327296467e-09
1.19781598563e-07 -4.19407589874e-05 1.75904161207e-09
-1.15063266088e-07 4.17288491777e-05 1.74131009325e-09
1.09902683599e-07 -4.15859292945e-05 1.72940159389e-09
-1.18935438519e-07 4.14019786921e-05 1.71413798526e-09
1.09175922199e-07 -4.12116747925e-05 1.69841405859e-09
-1.10406863846e-07 4.10808762203e-05 1.6876505807e-09
1.16066258937e-07 -4.08842726281e-05 1.67153721971e-09
-1.0444616386e-07 4.07243247687e-05 1.65848153687e-09
1.11799287554e-07 -4.05904978573e-05 1.64760101539e-09
-1.11172826067e-07 4.03916162425e-05 1.63149502208e-09
1.01919883932e-07 -4.02623151112e-05 1.62106440577e-09
-1.12636867549e-07 4.01132356754e-05 1.60908436341e-09
1.05118506316e-07 -3.99272584575e-05 1.59419701783e-09
-1.0188601277e-07 3.98194343325e-05 1.58559773132e-09
1.11617868079e-07 -3.96508709304e-05 1.57220402409e-09
-9.93547284085e-08 3.94919241932e-05 1.55962194784e-09
1.03690567629e-07 -3.93896981948e-05 1.55155907561e-09
-1.08118836459e-07 3.92076972504e-05 1.53725521336e-09
9.53823800227e-08 -3.90829096244e-05 1.5274829225e-09
-1.05916260343e-07 3.89694119209e-05 1.51862628372e-09
1.02504297996e-07 -3.87886309567e-05 1.50456839863e-09
-9.41460676576e-08 3.86945122571e-05 1.4972741423e-09
1.06887058464e-07 -3.85585127197e-05 1.486770328e-09
-9.60639189503e-08 3.8396928245e-05 1.47433332693e-09
9.56004348668e-08 -3.83197370722e-05 1.46841138873e-09
-1.05322093152e-07 3.81605840925e-05 1.45624127103e-09
9.05697531675e-08 -3.8032396402e-05 1.44647137896e-09
-9.86391904976e-08 3.79526988597e-05 1.44041708042e-09
1.00887421099e-07 -3.77814172641e-05 1.42744566876e-09
-8.75992426175e-08 3.76908647296e-05 1.42060895769e-09
1.01447561426e-07 -3.75908083185e-05 1.41307916165e-09
-9.44132993766e-08 3.74265719681e-05 1.40075720316e-09
8.78772597517e-08 -3.73652390042e-05 1.39616880826e-09
-1.02172951405e-07 3.72358365408e-05 1.38651796221e-09
8.76594153841e-08 -3.70988337385e-05 1.37633114893e-09
-9.09051897883e-08 3.70478514647e-05 1.37255156191e-09
9.96705182934e-08 -3.68933262823e-05 1.36112745839e-09
-8.2683018031e-08 3.67965863108e-05 1.35399560061e-09
9.50526493683e-08 -3.67332687888e-05 1.34934207091e-09
-9.40285045004e-08 3.65704402764e-05 1.33740594337e-09
8.1030444016e-08 -3.65138379913e-05 1.33326693079e-09
-9.8115838381e-08 3.64204609679e-05 1.32645960383e-09
8.66410408082e-08 -3.62729773718e-05 1.31573639408e-09
-8.30636180476e-08 3.62420374271e-05 1.31349217643e-09
9.81580326233e-08 -3.61133950845e-05 1.30418693953e-09
-7.97586023697e-08 3.60026891717e-05 1.29619998903e-09
8.7706236591e-08 -3.59731022979e-05 1.29407178132e-09
-9.43171025605e-08 3.5819672011e-05 1.28305779869e-09
7.56514553961e-08 -3.57560093987e-05 1.27849793126e-09
-9.27499248099e-08 3.57025422354e-05 1.27468012462e-09
8.72501209909e-08 -3.55475820048e-05 1.26363819897e-09
-7.56901845074e-08 3.55248360173e-05 1.26201970306e-09
9.56465514629e-08 -3.54314191294e-05 1.25539460979e-09
-7.90024798842e-08 3.53026288024e-05 1.24628184175e-09
7.97081936634e-08 -3.52992327803e-05 1.24604218827e-09
-9.45094931256e-08 3.51662459011e-05 1.23667378282e-09
7.23027996243e-08 -3.50848811852e-05 1.23095411548e-09
-8.59297133843e-08 3.50711280759e-05 1.22999140844e-09
8.89371315506e-08 -3.49166785314e-05 1.21918234948e-09
-6.95174884568e-08 3.48882983288e-05 1.21719819296e-09
9.15434251846e-08 -3.48376023571e-05 1.21366691819e-09
-8.03090132029e-08 3.46917363695e-05 1.20352302187e-09
7.16576674422e-08 -3.47024796428e-05 1.20426722818e-09
-9.37476717797e-08 3.46023949689e-05 1.19733452621e-09
7.13870321125e-08 -3.44959479149e-05 1.18997551866e-09
-7.78454647872e-08 3.4516349089e-05 1.19138441435e-09
9.08865400001e-08 -3.43748583235e-05 1.18163914513e-09
-6.53202315576e-08 3.43269758854e-05 1.17834554017e-09
8.54975264985e-08 -3.4322456474e-05 1.17803832824e-09
-8.32248197803e-08 3.416655093e-05 1.16736012882e-09
6.44022389495e-08 -3.41758173995e-05 1.16799064257e-09
-9.12165791076e-08 3.41202089052e-05 1.1641969762e-09
7.30150122697e-08 -3.39866342251e-05 1.15509663715e-09
-6.90622566289e-08 3.40297320799e-05 1.15802743503e-09
9.20943011735e-08 -3.39166253946e-05 1.15034595952e-09
-6.37646961305e-08 3.3837828599e-05 1.14500271023e-09
7.75197536799e-08 -3.38769602264e-05 1.14765444349e-09
-8.69351348782e-08 3.37240823301e-05 1.13732128672e-09
5.89280404771e-08 -3.3714617769e-05 1.13667892382e-09
-8.63034937941e-08 3.37114826965e-05 1.13647151389e-09
7.68978558915e-08 -3.35556875207e-05 1.12599007827e-09
-6.04989774887e-08 3.36046346599e-05 1.12927513075e-09
9.15037976742e-08 -3.35358972263e-05 1.12466477572e-09
-6.52414638228e-08 3.34199394074e-05 1.11689660645e-09
6.80671627519e-08 -3.34929590008e-05 1.12178293577e-09
-9.03179003118e-08 3.33610721535e-05 1.11296929255e-09
5.61959811664e-08 -3.33167697365e-05 1.11001030367e-09
-7.87619761454e-08 3.33678527143e-05 1.11341979821e-09
8.22890184334e-08 -3.32024206637e-05 1.10240750941e-09
-5.33351727238e-08 3.32367008317e-05 1.10468112682e-09
8.81892280463e-08 -3.32257409661e-05 1.10395764009e-09
-6.97085533687e-08 3.30739932018e-05 1.0938938856e-09
5.80647930755e-08 -3.31637467276e-05 1.09983746854e-09
-9.20727107061e-08 3.30733498244e-05 1.09385494599e-09
5.69408489982e-08 -3.29825803499e-05 1.0878538488e-09
-6.88499700429e-08 3.30812289561e-05 1.09437244956e-09
8.80004535281e-08 -3.29258699487e-05 1.08412065596e-09
-4.88442157617e-08 3.29242175081e-05 1.08400648428e-09
8.15636867005e-08 -3.2978419963e-05 1.08758283589e-09
-7.65773742984e-08 3.28015208732e-05 1.07594563569e-09
4.88443019021e-08 -3.2884731866e-05 1.08140797566e-09
-9.0919552441e-08 3.28553976301e-05 1.0794854198e-09
6.14615319345e-08 -3.27143838328e-05 1.07023468708e-09
-5.74086407512e-08 3.28444870948e-05 1.07876362827e-09
9.25091600242e-08 -3.27239751918e-05 1.0708671103e-09
-4.8164844721e-08 3.2668247165e-05 1.06721669268e-09
7.15785932961e-08 -3.27857946325e-05 1.07491345318e-09
-8.46744000857e-08 3.26039615358e-05 1.06302547758e-09
4.19887723239e-08 -3.26540549167e-05 1.06628906556e-09
-8.5847822222e-08 3.27002362347e-05 1.06931281965e-09
6.94397806448e-08 -3.25158295488e-05 1.05728399313e-09
-4.5850925666e-08 3.26523321703e-05 1.06617689847e-09
9.41577465439e-08 -3.25929194835e-05 1.06230726614e-09
-5.20379563543e-08 3.24724274756e-05 1.05446125411e-09
5.8873977478e-08 -3.26400727168e-05 1.0653778131e-09
-9.23059541892e-08 3.2481650453e-05 1.05506613654e-09
3.90879627462e-08 -3.24730047969e-05 1.05449756841e-09
-7.63814996986e-08 3.25997172393e-05 1.06274739822e-09
7.98295379052e-08 -3.23908776868e-05 1.04917533008e-09
-3.60375726003e-08 3.25021954162e-05 1.05639400558e-09
9.14359375684e-08 -3.25267780278e-05 1.0579996494e-09
-6.05492884641e-08 3.23423676307e-05 1.04603241017e-09
4.4837618995e-08 -3.25348419285e-05 1.05851794972e-09
-9.74414321476e-08 3.24328878394e-05 1.05190170844e-09
4.14262938328e-08 -3.23460833155e-05 1.04627082199e-09
-6.28142206955e-08 3.25452605319e-05 1.05919792871e-09
9.08568516607e-08 -3.23425988865e-05 1.0460519577e-09
-3.00336855964e-08 3.23949868399e-05 1.04943607438e-09
8.33112460145e-08 -3.25176117507e-05 1.05740201473e-09
-7.29284363017e-08 3.22846323517e-05 1.04230280464e-09
3.15369345124e-08 -3.246625099e-05 1.05405844792e-09
-9.80121603893e-08 3.24532742935e-05 1.05322461875e-09
4.9644528853e-08 -3.22805965895e-05 1.04203938075e-09
-4.63612316234e-08 3.25290045857e-05 1.0581382887e-09
1.00160413248e-07 -3.23719406435e-05 1.04795257313e-09
-2.97593835502e-08 3.2335509155e-05 1.04558603794e-09
6.95592529335e-08 -3.25560980674e-05 1.05990435986e-09
-8.74577137821e-08 3.23053832354e-05 1.04364543484e-09
2.1501650912e-08 -3.24341444632e-05 1.05197418938e-09
-9.23006520072e-08 3.25355022812e-05 1.0585674281e-09
6.34321473372e-08 -3.22857116164e-05 1.04237119821e-09
-2.91764480153e-08 3.2545255006e-05 1.05919447467e-09
1.05084553341e-07 -3.2476677042e-05 1.05474559445e-09
-3.65717428555e-08 3.23323525805e-05 1.04538236088e-09
5.10305572431e-08 -3.26327186819e-05 1.06489693269e-09
-1.01538352833e-07 3.24088333986e-05 1.05034279229e-09
1.73573016941e-08 -3.2442915417e-05 1.05254306203e-09
-7.93712217301e-08 3.26697622444e-05 1.0673196649e-09
8.13172240411e-08 -3.2371002549e-05 1.04788841852e-09
-1.41939774658e-08 3.25920322673e-05 1.06224076878e-09
1.03111234428e-07 -3.2650786114e-05 1.06608446579e-09
-5.08382351762e-08 3.23971406496e-05 1.0495773068e-09
2.97860898701e-08 -3.27394281946e-05 1.07187104572e-09
-1.11945129157e-07 3.25957518864e-05 1.06249557275e-09
2.13375015359e-08 -3.25018307044e-05 1.05636945442e-09
-5.94717378244e-08 3.28448531551e-05 1.07878791567e-09
1.00620771803e-07 -3.25446160888e-05 1.05916216091e-09
-4.77509810338e-09 3.26724488272e-05 1.06748893517e-09
9.23879175029e-08 -3.28844891139e-05 1.08139815981e-09
-7.15800629228e-08 3.25430852262e-05 1.05905751974e-09
9.03822812195e-09 -3.28716189342e-05 1.08054341304e-09
-1.15273928301e-07 3.28623129186e-05 1.07994489844e-09
3.47333066456e-08 -3.26246167511e-05 1.06436682456e-09
-3.43222522322e-08 3.30499831886e-05 1.09230256678e-09
1.17630390437e-07 -3.28112948726e-05 1.07659490812e-09
-4.17268603836e-09 3.27956051951e-05 1.07555173752e-09
7.22783559499e-08 -3.31651300726e-05 1.09993107689e-09
-9.62725565814e-08 3.27829285491e-05 1.07472967266e-09
-7.14607693698e-09 -3.30300932404e-05 1.09098711054e-09
-1.0855210937e-07 3.31996054503e-05 1.10222558562e-09
5.73659252495e-08 -3.28281747654e-05 1.07769234928e-09
-7.20380454179e-09 3.3277116072e-05 1.10736650597e-09
1.28022592132e-07 -3.31705933553e-05 1.10030465333e-09
-1.48623777981e-08 3.29766996026e-05 1.08746293757e-09
4.38387109015e-08 -3.34789700525e-05 1.12084335761e-09
-1.20885028079e-07 3.31264883597e-05 1.09737884424e-09
-1.43920214335e-08 -3.32226743977e-05 1.10374630127e-09
-8.99428513937e-08 3.35940868822e-05 1.12857076317e-09
8.71889373658e-08 -3.3130421554e-05 1.09763243426e-09
1.72266105467e-08 3.35235791087e-05 1.12383065301e-09
1.27525334314e-07 -3.36156816938e-05 1.13003031845e-09
-3.78283368135e-08 3.32361081372e-05 1.10464031509e-09
1.01076974513e-08 -3.38138243666e-05 1.14337482046e-09
-1.40221390042e-07 3.35781593313e-05 1.12751244611e-09
-8.78248277307e-09 -3.34650525086e-05 1.11990981654e-09
-5.94378165986e-08 3.4029172817e-05 1.15798813546e-09
1.20132289027e-07 -3.35474155007e-05 1.12544351855e-09
3.34392785138e-08 3.37945223853e-05 1.14207086143e-09
1.12765505161e-07 -3.41331393752e-05 1.16508391966e-09
-7.19248320167e-08 3.35973160139e-05 1.12878481652e-09
-2.38978403409e-08 -3.41622974527e-05 1.16706313835e-09
-1.48584804825e-07 3.41348354915e-05 1.16520907148e-09
1.22378617932e-08 -3.37804903426e-05 1.14112167755e-09
-1.94044817546e-08 3.44880026781e-05 1.18942270526e-09
1.50287832018e-07 -3.40901075499e-05 1.1621580192e-09
3.58516576184e-08 3.41047313869e-05 1.16313398832e-09
8.21962576146e-08 -3.47040759767e-05 1.20437964562e-09
-1.13455601288e-07 3.40837609253e-05 1.16171563099e-09
-5.15675108679e-08 -3.4525192556e-05 1.19199158024e-09
-1.40736761883e-07 3.47847775133e-05 1.21000055349e-09
4.89485560761e-08 -3.41981189239e-05 1.16951373389e-09
2.51572792025e-08 3.49572194833e-05 1.22200782689e-09
1.70502250374e-07 -3.47612271235e-05 1.20837198215e-09
1.99048927203e-08 3.44792733767e-05 1.18882068879e-09
3.69541291257e-08 -3.53067737927e-05 1.24656964126e-09
-1.56114094679e-07 3.47148698497e-05 1.20514656029e-09
-6.55028854483e-08 -3.49145222083e-05 1.21902815166e-09
-1.13058565365e-07 3.55079311524e-05 1.26082595696e-09
9.8597340472e-08 -3.4749735769e-05 1.20755385745e-09
6.67838623954e-08 3.54313731843e-05 1.25538666581e-09
1.73387970932e-07 -3.55529403249e-05 1.26404162914e-09
-1.67273321363e-08 3.49525232713e-05 1.22167916284e-09
-1.85349905175e-08 -3.59208299305e-05 1.29030636644e-09
-1.91403634311e-07 3.55018039002e-05 1.26041471552e-09
-5.87199984056e-08 -3.53554544942e-05 1.25001161053e-09
-6.4759531535e-08 3.62780910636e-05 1.31610408501e-09
1.54990215653e-07 -3.54652699077e-05 1.25780939159e-09
9.62384815935e-08 3.59173333459e-05 1.29006409653e-09
1.52689899457e-07 -3.64459689613e-05 1.32833196773e-09
-7.29822972438e-08 3.55652800346e-05 1.26489447036e-09
-7.63895852781e-08 -3.65325014481e-05 1.33462949742e-09
-2.09604603215e-07 3.64436350396e-05 1.32818246899e-09
-2.61460677649e-08 -3.588653168e-05 1.28784383964e-09
1.07809157491e-09 3.70670915695e-05 1.37396927859e-09
2.08608655185e-07 -3.63673725621e-05 1.32262930464e-09
1.03754595081e-07 3.64379188347e-05 1.32773269402e-09
1.04863317148e-07 -3.74108044769e-05 1.39957928792e-09
-1.43533945079e-07 3.63599489185e-05 1.32206648735e-09
-1.2571117144e-07 -3.71406580635e-05 1.37944428469e-09
-2.01277307393e-07 3.75248216162e-05 1.40815274988e-09
3.37756127641e-08 -3.65576172794e-05 1.33646052194e-09
7.68605195784e-08 3.7850901988e-05 1.43269668884e-09
2.4739432103e-07 -3.74658924318e-05 1.40375429966e-09
8.07734711694e-08 3.70338628165e-05 1.37151351947e-09
3.06374215077e-08 -3.84114716988e-05 1.47544209672e-09
-2.18448651751e-07 3.7374110592e-05 1.39687186236e-09
-1.53734481427e-07 -3.77624673341e-05 1.42602757345e-09
-1.59190247691e-07 3.87148847912e-05 1.49886764593e-09
1.17633487258e-07 -3.7425277315e-05 1.40066521974e-09
1.50493640844e-07 3.86171358902e-05 1.4913058327e-09
2.58265046749e-07 -3.87532511398e-05 1.50188117474e-09
2.201190694e-08 3.77632704306e-05 1.42606507814e-09
-6.37261391699e-08 -3.94119901313e-05 1.55330902713e-09
-2.83599515835e-07 3.86331897959e-05 1.49260378249e-09
-1.47702061702e-07 -3.8437729791e-05 1.47748088739e-09
-8.04552351284e-08 3.99710804154e-05 1.59769374262e-09
2.16060701258e-07 -3.85456755421e-05 1.48581578522e-09
2.06246539236e-07 3.93730959205e-05 1.55028322e-09
2.29316467663e-07 -4.02018936179e-05 1.61624483651e-09
-7.24112922509e-08 3.86979229411e-05 1.49753448335e-09
-1.65804757938e-07 -4.03852625876e-05 1.63099692548e-09
-3.2200383356e-07 4.01433218136e-05 1.6115899727e-09
-9.73535085248e-08 -3.92307009163e-05 1.53905737209e-09
3.14515455155e-08 4.12445909181e-05 1.7011172692e-09
3.13539222037e-07 -3.99655333064e-05 1.59734215931e-09
2.26583024835e-07 4.01531280479e-05 1.6123250319e-09
1.5253069163e-07 -4.17649986662e-05 1.7443383792e-09
-1.9515399214e-07 3.99161469181e-05 1.59333686987e-09
-2.57331189219e-07 -4.13236319975e-05 1.70770878081e-09
-3.16138918327e-07 4.1885831228e-05 1.75452280148e-09
2.21975722849e-09 -4.02283311861e-05 1.61831863494e-09
1.65181549929e-07 4.24903311003e-05 1.80545552196e-09
3.89284397222e-07 -4.17122230965e-05 1.74006109799e-09
1.94946211838e-07 4.10238195837e-05 1.68299177726e-09
2.66720762693e-08 -4.33814568395e-05 1.88195150892e-09
-3.30557280235e-07 4.1492487161e-05 1.72173575892e-09
-3.15704626435e-07 -4.2249848678e-05 1.78514938272e-09
-2.51141755278e-07 4.38149166445e-05 1.91980999275e-09
1.47741278383e-07 -4.1534157146e-05 1.72510803731e-09
3.0095313191e-07 4.36798987873e-05 1.90802413085e-09
4.19404975394e-07 -4.37845622732e-05 1.91726379399e-09
9.93160970817e-08 4.20855121721e-05 1.77120019848e-09
-1.40079230077e-07 -4.49857374211e-05 2.02373619351e-09
-4.54709622626e-07 4.34850577216e-05 1.89115700589e-09
-3.16823142561e-07 -4.32267606368e-05 1.86865321205e-09
-1.18621428331e-07 4.58601161108e-05 2.10316432074e-09
3.25439643753e-07 -4.32575939182e-05 1.87132534255e-09
4.11347911703e-07 4.48165630216e-05 2.00869352817e-09
3.80381940113e-07 -4.61462695645e-05 2.12962288514e-09
-6.38223422213e-08 4.34687717279e-05 1.88953818883e-09
-3.2829968907e-07 -4.65226840185e-05 2.16446790897e-09
-5.37039508982e-07 4.59221301865e-05 2.1091304523e-09
-2.39186853132e-07 -4.43637656277e-05 1.96820091102e-09
7.93696142739e-08 4.79348678528e-05 2.2977578556e-09
5.09831363526e-07 -4.5499090371e-05 2.0704271526e-09
4.63779516708e-07 4.59505520858e-05 2.11166832843e-09
2.53709583342e-07 -4.87242603286e-05 2.37411791313e-09
-2.85639075738e-07 4.53248974543e-05 2.05442791892e-09
-5.06880881961e-07 -4.79665446808e-05 2.30104633684e-09
-5.43675786482e-07 4.87901652019e-05 2.38077580379e-09
-6.90040478302e-08 -4.58180297627e-05 2.0992966129e-09
3.2682242121e-07 4.99519669468e-05 2.49530581475e-09
6.64165572197e-07 -4.83324569822e-05 2.33646751384e-09
4.24782864793e-07 4.71923838859e-05 2.22730153732e-09
3.13128496086e-08 -5.14139192886e-05 2.64339207711e-09
-5.41927229313e-07 4.78102651653e-05 2.2861151403e-09
-6.34514172864e-07 -4.93427394383e-05 2.43510854351e-09
-4.42613422283e-07 5.20260050251e-05 2.70690110552e-09
1.94200946539e-07 -4.7788751049e-05 2.28380244083e-09
5.91448030908e-07 5.18459789997e-05 2.68835534921e-09
7.43015757721e-07 -5.17865776684e-05 2.68240169902e-09
2.66041605004e-07 4.87216831542e-05 2.37387318752e-09
-2.78876339749e-07 -5.40931633628e-05 2.92614809461e-09
-7.91638692581e-07 5.10652511071e-05 2.60828656245e-09
-6.63514649725e-07 -5.07501114241e-05 2.57601406125e-09
-2.10466230019e-07 5.55162313479e-05 3.08209623911e-09
5.32197963414e-07 -5.05033644575e-05 2.5508730562e-09
8.24314399839e-07 5.36017843286e-05 2.87383077744e-09
6.97331885938e-07 -5.58295647878e-05 3.11742657616e-09
-2.82010238958e-08 5.07889581406e-05 2.5795190643e-09
-6.4800057151e-07 -5.6646502366e-05 3.20924613504e-09
-9.7773812538e-07 5.51895966597e-05 3.0468475513e-09
-5.46186273141e-07 -5.23808383907e-05 2.74405054996e-09
1.59695137116e-07 5.91066924573e-05 3.49362659578e-09
9.03766904689e-07 -5.41955433586e-05 2.93797371455e-09
9.62159290404e-07 5.5287522078e-05 3.05763584802e-09
4.82016371739e-07 -6.03591035748e-05 3.64345372414e-09
-4.5298244822e-07 5.3708245668e-05 2.88478084584e-09
-1.02296504376e-06 -5.89994990188e-05 3.48198734195e-09
-1.03101737152e-06 6.02172444786e-05 3.62717952941e-09
-2.43653890376e-07 -5.45349544625e-05 2.97412062545e-09
6.501923424e-07 6.2624913574e-05 3.92230255023e-09
1.24248891929e-06 -5.90760969866e-05 3.49152901389e-09
9.32939293469e-07 5.70894716018e-05 3.2600781435e-09
6.57872943609e-08 -6.52031776729e-05 4.25145870661e-09
-9.74588181225e-07 5.78394208124e-05 3.34634842203e-09
-1.32571409564e-06 -6.11631889624e-05 3.74269320191e-09
-8.77305372049e-07 6.60947807192e-05 4.36928970303e-09
2.63214039224e-07 -5.76267037628e-05 3.32090626819e-09
1.21125719045e-06 6.59176174635e-05 4.34659943604e-09
1.45755007401e-06 -6.52992938619e-05 4.26612223108e-09
6.64935686922e-07 5.93460990873e-05 3.52240161635e-09
-5.5720856548e-07 -7.01355610092e-05 4.91930739946e-09
-1.5236708766e-06 6.35602993752e-05 4.04223322961e-09
-1.45599224927e-06 -6.32874369107e-05 4.00741958416e-09
-4.48231510124e-07 7.26685517245e-05 5.28091932123e-09
9.61431048047e-07 -6.2180868845e-05 3.86738479998e-09
1.75529142595e-06 6.89051498662e-05 4.75100072607e-09
1.43833461056e-06 -7.29286194937e-05 5.32065234771e-09
9.94617592434e-08 6.25789446888e-05 3.916134211e-09
-1.35479607178e-06 -7.49105339755e-05 5.61342357289e-09
-1.99053820066e-06 7.12303780579e-05 5.0777290006e-09
-1.29828353693e-06 -6.57223578109e-05 4.32111385636e-09
3.04583397878e-07 7.96862570452e-05 6.34999233292e-09
1.79283100325e-06 -6.88189426717e-05 4.73926111345e-09
2.15385564718e-06 7.16547465417e-05 5.1390417961e-09
1.06330779392e-06 -8.19073558975e-05 6.70994557358e-09
-7.92999856505e-07 6.75197123155e-05 4.55954039994e-09
-2.24398523136e-06 -7.93216365216e-05 6.29695749018e-09
-2.22338992278e-06 8.11500557294e-05 6.59027500763e-09
-7.33342636427e-07 -6.90886516561e-05 4.77377957907e-09
1.39220335299e-06 8.68195016686e-05 7.53956410016e-09
2.64091449635e-06 -7.82377540523e-05 6.12812058852e-09
2.23804053688e-06 7.44763354015e-05 5.55173336028e-09
2.13343429824e-07 -9.20405400752e-05 8.47150653275e-09
-1.9933729438e-06 7.51366691592e-05 5.64949258803e-09
-3.07845892016e-06 -8.32908633019e-05 6.94684481889e-09
-2.0297144106e-06 9.35213401588e-05 8.75036080569e-09
3.45524100923e-07 -7.43625698046e-05 5.52991117484e-09
2.76803986134e-06 9.37149581582e-05 8.79015542726e-09
3.31745140457e-06 -9.11873298158e-05 8.32613460276e-09
1.80219078206e-06 7.80501178369e-05 6.09506878597e-09
-1.21064753605e-06 -0.000102995826157 1.06096058733e-08
-3.41077341389e-06 8.66709280258e-05 7.52348314014e-09
-3.63572748901e-06 -8.69997404334e-05 7.58217334985e-09
-1.17995379309e-06 0.00010841827952 1.17559156251e-08
2.01126715866e-06 -8.29926757479e-05 6.89182942338e-09
4.3036197074e-06 0.00010008488581 1.00355055101e-08
3.54675325512e-06 -0.000108461404053 1.17764556278e-08
6.09713922176e-07 8.36095294702e-05 6.9909251693e-09
-3.26593793182e-06 -0.00011433181224 1.30824296406e-08
-4.85288392098e-06 0.000103708303925 1.07789627853e-08
-3.60073364931e-06 -9.10875683405e-05 8.309910389e-09
5.89574252183e-07 0.000125777654551 1.58203659822e-08
4.27601827743e-06 -9.70920057231e-05 9.44514190764e-09
5.75660033128e-06 0.000105856517784 1.12387408048e-08
2.94085851104e-06 -0.00013092577483 1.71502071635e-08
-1.60263600555e-06 9.3239224336e-05 8.69612139695e-09
-5.94135048372e-06 -0.000125564303129 1.58016938659e-08
-5.98145567845e-06 0.000128345674704 1.65083900272e-08
-2.53635216304e-06 -9.69791769864e-05 9.41139385125e-09
3.5820945943e-06 0.000145422767585 2.11606127337e-08
7.05405186598e-06 -0.000119814045752 1.44051652072e-08
6.71902190666e-06 0.00011142459443 1.24605854992e-08
9.469010889e-07 -0.000159634240014 2.54839872064e-08
-5.13076861337e-06 0.000110442875731 1.22239535863e-08
-9.12182449673e-06 -0.000136285543887 1.86569571547e-08
-6.22804431899e-06 0.000163593339875 2.68015693877e-08
1.85686908199e-07 -0.000107508511123 1.15581144435e-08
8.17364191342e-06 0.000167134022889 2.80005900292e-08
1.01006860148e-05 -0.000156197903777 2.44998090024e-08
6.51009540062e-06 0.000118124098559 1.39956840026e-08
-3.28695131407e-06 -0.000196142009453 3.84824919211e-08
-1.03424517128e-05 0.000141414803833 2.01051130505e-08
-1.25298806247e-05 -0.000146361264425 2.15786176326e-08
-4.59354305e-06 0.0002143931466 4.59855219469e-08
5.57251236017e-06 -0.000128329090749 1.64994084266e-08
1.49321613943e-05 0.000190767045177 3.66150349695e-08
1.2879086089e-05 -0.000215329422832 4.65326311958e-08
3.89891159271e-06 0.000129276382375 1.67275845515e-08
-1.13021062393e-05 -0.000243300114853 5.93226834929e-08
-1.78222573114e-05 0.000198409508728 3.96839660095e-08
-1.55952913722e-05 -0.000156237815441 2.46534680867e-08
9.37716538007e-07 0.00029046010354 8.43679510608e-08
1.55964167584e-05 -0.000171804499434 2.97600342414e-08
2.50404912014e-05 0.000216297507931 4.74116381369e-08
1.41730507465e-05 -0.000316849327361 1.00594371616e-07
-3.78053637932e-06 0.000153069158406 2.34444597103e-08
-2.66914078394e-05 -0.000307415819813 9.52169175239e-08
-2.8931688651e-05 0.000310752881841 9.74043961805e-08
-1.70794575717e-05 -0.000167233668975 2.82588079097e-08
1.55721766807e-05 0.000415868917815 1.73189449491e-07
3.54856608962e-05 -0.000270828671604 7.46074014919e-08
4.2181214233e-05 0.000242580168995 6.06243932236e-08
1.05941654429e-05 -0.000516331787772 2.66710751406e-07
-2.43558976076e-05 0.000213076710381 4.5994894255e-08
-6.16091231473e-05 -0.000405338807795 1.6809523316e-07
-4.88708441667e-05 0.000574706455804 3.32675869752e-07
-1.39275235844e-05 -0.000178718312804 3.21342112448e-08
5.95084987093e-05 0.000675517097514 4.59864610453e-07
8.74857667101e-05 -0.000552342990452 3.12736538478e-07
8.70103576624e-05 0.000249203300494 6.96730873175e-08
-1.13501806618e-05 -0.00106706438845 1.13875523571e-06
-9.6349903644e-05 0.000407500610373 1.75340051387e-07
-0.000197445401881 -0.000598711821396 3.97440531804e-07
-0.000127833804923 0.00159567062266 2.56250621769e-06
-1.80858537225e-05 -8.10247584455e-05 6.89210958603e-09
0.00031447888634 0.00177378712248 3.24521772582e-06
0.000464747197613 -0.00225991762843 5.32321764499e-06
0.000811180621059 -0.000574484384417 9.88046307922e-07
0.000366087079135 -0.00784032256294 6.16046776404e-05
0.00145811359344 -0.000420770240917 2.30314284702e-06
