          EXAMPLE FOR PHONON LDOS 
             7 LEVELS AT   2 SITES
           ATOMS    1    2
           INPUT CONTINUED FRACTION CFTS.
           0.6094E+00 0.1000E+01 0.9114E+00 0.1000E+01 0.3359E+00 0.1000E+01
           0.3291E+00 0.1552E+00 0.7410E+00 0.4251E+00 0.1269E+01 0.2869E+00
           0.7515E+00 0.2552E-01 0.9464E+00 0.2205E+00 0.5196E+00 0.1776E+00
           0.8011E+00 0.2072E+00 0.4437E+00 0.3659E-01 0.5700E+00 0.1380E-01
           0.1111E+01 0.3092E+00 0.5904E+00 0.6897E-01 0.6053E+00 0.1861E+00
           0.8037E+00 0.2375E-01 0.5191E+00 0.8003E-01 0.4565E+00 0.2345E-01
           0.0000E+00 0.7720E-01 0.0000E+00 0.1431E-01 0.0000E+00 0.1083E+00

           INPUT CONTINUED FRACTION CFTS.
           0.3393E+00 0.1000E+01 0.3393E+00 0.1000E+01 0.3393E+00 0.1000E+01
           0.5831E+00 0.1476E+00 0.8322E+00 0.1688E+00 0.8322E+00 0.1688E+00
           0.5339E+00 0.2297E-01 0.1045E+01 0.2361E+00 0.1045E+01 0.2361E+00
           0.1122E+01 0.3509E+00 0.8147E+00 0.2062E+00 0.8147E+00 0.2062E+00
           0.8432E+00 0.1546E+00 0.3592E+00 0.4570E-01 0.3592E+00 0.4570E-01
           0.7603E+00 0.3826E-01 0.7528E+00 0.6731E-01 0.7528E+00 0.6731E-01
           0.0000E+00 0.3600E-01 0.0000E+00 0.2704E-01 0.0000E+00 0.2704E-01


           RESULTANT CONTINUED FRACTION COEFFICIENTS
            0.479091886114E+00  0.600000000000E+01
            0.914123888000E+00  0.272556483860E+00
            0.103566656046E+01  0.253601099084E+00
            0.557355323874E+00  0.109221288869E+00
            0.493632103990E+00  0.572029706195E-01
            0.643390908917E+00  0.970451682824E-01
            0.670400043133E+00  0.186964996724E-01

                   OMEGA      DENSITY OF PHONON MODES INTEGRATED D.O.S.
                0.00000000E+00      0.00000000E+00      0.20060067E+01
                0.36585366E-01      0.32180035E+01      0.21375965E+01
                0.73170732E-01      0.23668569E+01      0.23437039E+01
                0.10975610E+00      0.10020194E+02      0.27967130E+01
                0.14634146E+00      0.91870138E+01      0.35558988E+01
                0.18292683E+00      0.52169067E+01      0.40749937E+01
                0.21951220E+00      0.30780627E+01      0.43674829E+01
                0.25609756E+00      0.23337709E+01      0.45591177E+01
                0.29268293E+00      0.24627808E+01      0.47300052E+01
                0.32926829E+00      0.31978371E+01      0.49350103E+01
                0.36585366E+00      0.32094049E+01      0.51823262E+01
                0.40243902E+00      0.30319535E+01      0.53829428E+01
                0.43902439E+00      0.35649132E+01      0.56465524E+01
                0.47560976E+00      0.22130412E+01      0.58580460E+01
                0.51219512E+00      0.13742011E+01      0.59849781E+01
                0.54878049E+00      0.11417570E+01      0.60738530E+01
                0.58536585E+00      0.14614931E+01      0.61651494E+01
                0.62195122E+00      0.27522372E+01      0.63108702E+01
                0.65853659E+00      0.50434278E+01      0.66006812E+01
                0.69512195E+00      0.36695809E+01      0.68942875E+01
                0.73170732E+00      0.43973601E+01      0.72518417E+01
                0.76829268E+00      0.20878162E+01      0.74783421E+01
                0.80487805E+00      0.14059060E+01      0.75985030E+01
                0.84146341E+00      0.18958485E+01      0.77113459E+01
                0.87804878E+00      0.46534736E+01      0.79290500E+01
                0.91463415E+00      0.83915142E+01      0.84514254E+01
                0.95121951E+00      0.11398837E+02      0.91228518E+01
                0.98780488E+00      0.10365312E+02      0.99832851E+01
                0.10243902E+01      0.57860079E+01      0.10778881E+02
                0.10609756E+01      0.52382074E+00      0.10934517E+02
                0.10975610E+01      0.82625680E-01      0.10951286E+02
                0.11341463E+01      0.20077897E-01      0.10954428E+02
                0.11707317E+01      0.68518927E-02      0.10955303E+02
                0.12073171E+01      0.38718058E-02      0.10955662E+02
                0.12439024E+01      0.86438751E-02      0.10956028E+02
                0.12804878E+01      0.89974110E+01      0.10987233E+02
                0.13170732E+01      0.50765452E-02      0.11999879E+02
                0.13536585E+01      0.29843960E-03      0.11999988E+02
                0.13902439E+01      0.44825245E-04      0.11999998E+02
                0.14268293E+01      0.98281586E-05      0.11999999E+02
                0.14634146E+01      0.26674550E-05      0.12000000E+02
                0.15000000E+01      0.83389604E-06      0.12000000E+02
